-0.9472136 -0.5854102 3.2360680
-0.9472136 -0.5854102 -3.2360680
-0.9472136 2.6506578 0.0000000
1.6708204 0.4145898 -1.6180340
2.2888544 -0.5854102 0.0000000
1.6708204 -1.5854102 -1.6180340
0.0527864 1.0326238 2.6180340
-1.9472136 1.0326238 2.6180340
1.6708204 -1.5854102 1.6180340
1.6708204 0.4145898 1.6180340
-1.9472136 1.0326238 -2.6180340
0.0527864 -2.2034442 2.6180340
0.0527864 -2.2034442 -2.6180340
0.0527864 1.0326238 -2.6180340
0.6708204 2.0326238 1.0000000
-2.5652476 2.0326238 1.0000000
0.6708204 2.0326238 -1.0000000
0.6708204 -3.2034442 -1.0000000
-2.5652476 2.0326238 -1.0000000
0.6708204 -3.2034442 1.0000000
