1.9313708 1.0000000 1.0000000
0.5171573 2.4142136 -1.0000000
0.5171573 -2.4142136 -1.0000000
0.5171573 -2.4142136 1.0000000
-1.4828427 2.4142136 -1.0000000
1.9313708 -1.0000000 1.0000000
1.9313708 -1.0000000 -1.0000000
1.9313708 1.0000000 -1.0000000
0.5171573 1.0000000 2.4142136
-1.4828427 1.0000000 2.4142136
-1.4828427 -1.0000000 2.4142136
-1.4828427 -1.0000000 -2.4142136
-1.4828427 1.0000000 -2.4142136
0.5171573 -1.0000000 2.4142136
0.5171573 -1.0000000 -2.4142136
0.5171573 1.0000000 -2.4142136
0.5171573 2.4142136 1.0000000
-1.4828427 2.4142136 1.0000000
-1.4828427 -2.4142136 1.0000000
-1.4828427 -2.4142136 -1.0000000
