-0.0000000 1.0000000 0.1822297
-0.0000000 1.0000000 -0.4358043
0.5877853 0.8090170 0.1822297
0.5877853 0.8090170 -0.4358043
0.9510565 0.3090170 0.1822297
0.9510565 0.3090170 -0.4358043
0.9510565 -0.3090170 0.1822297
0.9510565 -0.3090170 -0.4358043
0.5877853 -0.8090170 0.1822297
0.5877853 -0.8090170 -0.4358043
0.0000000 -1.0000000 0.1822297
0.0000000 -1.0000000 -0.4358043
-0.5877853 -0.8090170 0.1822297
-0.5877853 -0.8090170 -0.4358043
-0.9510565 -0.3090170 0.1822297
-0.9510565 -0.3090170 -0.4358043
-0.9510565 0.3090170 0.1822297
-0.9510565 0.3090170 -0.4358043
-0.5877853 0.8090170 0.1822297
-0.5877853 0.8090170 -0.4358043
0.1624598 0.5000000 0.5071494
0.5257311 0.0000000 0.5071494
0.1624598 -0.5000000 0.5071494
-0.4253254 -0.3090170 0.5071494
-0.4253254 0.3090170 0.5071494
