-1.7656768 -1.0912483 3.2360680
-1.7656768 -1.0912483 -3.2360680
-0.0643752 3.1962819 0.0000000
2.5536588 0.9602139 -1.6180340
3.1716928 -0.0397861 0.0000000
2.5536588 -1.0397861 -1.6180340
0.9356248 1.5782479 2.6180340
-2.7656768 0.5267857 2.6180340
2.5536588 -1.0397861 1.6180340
2.5536588 0.9602139 1.6180340
-2.7656768 0.5267857 -2.6180340
-0.7656768 -2.7092823 2.6180340
-0.7656768 -2.7092823 -2.6180340
0.9356248 1.5782479 -2.6180340
1.5536588 2.5782479 1.0000000
-3.3837108 1.5267857 1.0000000
1.5536588 2.5782479 -1.0000000
-0.1476428 -3.7092823 -1.0000000
-3.3837108 1.5267857 -1.0000000
-0.1476428 -3.7092823 1.0000000
-0.0643752 -0.0397861 3.2360680
-0.0643752 -0.0397861 -3.2360680
-1.0643752 1.5782479 2.6180340
-1.0643752 1.5782479 -2.6180340
0.9356248 -1.6578200 2.6180340
0.9356248 -1.6578200 -2.6180340
-1.6824092 2.5782479 1.0000000
1.5536588 -2.6578200 -1.0000000
-1.6824092 2.5782479 -1.0000000
1.5536588 -2.6578200 1.0000000
