1.8196073 1.0000000 1.0000000
0.4053937 2.4142136 -1.0000000
0.4053937 -2.4142136 -1.0000000
0.4053937 -2.4142136 1.0000000
-1.3151974 2.6131259 0.0000000
1.8196073 -1.0000000 1.0000000
1.8196073 -1.0000000 -1.0000000
1.8196073 1.0000000 -1.0000000
0.4053937 1.0000000 2.4142136
-1.3151974 -0.0000000 2.6131259
-1.3151974 -1.8477591 1.8477591
-1.3151974 -0.0000000 -2.6131259
-1.3151974 1.8477591 -1.8477591
0.4053937 -1.0000000 2.4142136
0.4053937 -1.0000000 -2.4142136
0.4053937 1.0000000 -2.4142136
0.4053937 2.4142136 1.0000000
-1.3151974 1.8477591 1.8477591
-1.3151974 -2.6131259 0.0000000
-1.3151974 -1.8477591 -1.8477591
