-0.0000000 1.0000000 0.1482123
0.3090170 0.9510565 -0.3847783
0.5877853 0.8090170 0.1482123
0.8090170 0.5877853 -0.3847783
0.9510565 0.3090170 0.1482123
1.0000000 0.0000000 -0.3847783
0.9510565 -0.3090170 0.1482123
0.8090170 -0.5877853 -0.3847783
0.5877853 -0.8090170 0.1482123
0.3090170 -0.9510565 -0.3847783
0.0000000 -1.0000000 0.1482123
-0.3090170 -0.9510565 -0.3847783
-0.5877853 -0.8090170 0.1482123
-0.8090170 -0.5877853 -0.3847783
-0.9510565 -0.3090170 0.1482123
-1.0000000 -0.0000000 -0.3847783
-0.9510565 0.3090170 0.1482123
-0.8090170 0.5877853 -0.3847783
-0.5877853 0.8090170 0.1482123
-0.3090170 0.9510565 -0.3847783
0.1624598 0.5000000 0.4731320
0.5257311 0.0000000 0.4731320
0.1624598 -0.5000000 0.4731320
-0.4253254 -0.3090170 0.4731320
-0.4253254 0.3090170 0.4731320
