-1.0838762 -1.8454429 3.0776835
-2.1353385 -0.1441412 -3.0776835
-0.1424099 3.1480538 0.0000000
2.4756241 0.9119858 -1.6180340
3.0936581 -0.0880142 0.0000000
2.4756241 -1.0880142 -1.6180340
0.8575901 1.5300198 2.6180340
-2.1353385 -0.1441412 3.0776835
2.4756241 -1.0880142 1.6180340
2.4756241 0.9119858 1.6180340
-2.9859893 1.2322407 -1.9021130
-0.2332254 -3.2218248 1.9021130
-1.0838762 -1.8454429 -3.0776835
0.8575901 1.5300198 -2.6180340
1.4756241 2.5300198 1.0000000
-2.9859893 1.2322407 1.9021130
1.4756241 2.5300198 -1.0000000
-0.2332254 -3.2218248 -1.9021130
-3.3109090 1.7579718 0.0000000
0.0916943 -3.7475559 0.0000000
-0.1424099 -0.0880142 3.2360680
-0.1424099 -0.0880142 -3.2360680
-1.1424099 1.5300198 2.6180340
-1.1424099 1.5300198 -2.6180340
0.8575901 -1.7060482 2.6180340
0.8575901 -1.7060482 -2.6180340
-1.7604439 2.5300198 1.0000000
1.4756241 -2.7060482 -1.0000000
-1.7604439 2.5300198 -1.0000000
1.4756241 -2.7060482 1.0000000
