0.4211146 -1.9758049 2.6180340
-1.5788854 1.2602631 -2.6180340
-0.5788854 2.8782971 -0.0000000
2.0391486 0.6422291 -1.6180340
2.6571825 -0.3577709 -0.0000000
2.0391486 -1.3577709 -1.6180340
0.4211146 1.2602631 2.6180340
-0.5788854 -0.3577709 3.2360680
2.0391486 -1.3577709 1.6180340
2.0391486 0.6422291 1.6180340
-2.1969194 2.2602631 -1.0000000
1.0391486 -2.9758049 1.0000000
-0.5788854 -0.3577709 -3.2360680
0.4211146 1.2602631 -2.6180340
1.0391486 2.2602631 1.0000000
-1.5788854 1.2602631 2.6180340
1.0391486 2.2602631 -1.0000000
0.4211146 -1.9758049 -2.6180340
-2.1969194 2.2602631 1.0000000
1.0391486 -2.9758049 -1.0000000
-1.7497058 -0.4633437 1.6180340
-0.7497058 -2.0813777 1.0000000
-0.7497058 -2.0813777 -1.0000000
-1.7497058 -0.4633437 -1.6180340
-2.3677398 0.5366563 0.0000000
