1.0000000 -1.6180340 2.6180340
-1.0000000 1.6180340 -2.6180340
-0.0000000 3.2360680 0.0000000
-0.2763932 -2.7888544 -1.6180340
3.2360680 0.0000000 0.0000000
-3.0652476 -0.2763932 1.0000000
1.0000000 1.6180340 2.6180340
-0.0000000 -0.0000000 3.2360680
-0.2763932 -2.7888544 1.6180340
-1.8944272 -0.1708204 -2.6180340
-1.6180340 2.6180340 -1.0000000
1.6180340 -2.6180340 1.0000000
-0.0000000 0.0000000 -3.2360680
1.0000000 1.6180340 -2.6180340
1.6180340 2.6180340 1.0000000
-1.0000000 1.6180340 2.6180340
-1.4472136 -2.8944272 -0.0000000
-2.0652476 -1.8944272 -1.6180340
-1.6180340 2.6180340 1.0000000
1.6180340 -2.6180340 -1.0000000
1.0000000 -1.6180340 -2.6180340
1.6180340 2.6180340 -1.0000000
2.6180340 1.0000000 1.6180340
-1.8944272 -0.1708204 2.6180340
-2.0652476 -1.8944272 1.6180340
-3.0652476 -0.2763932 -1.0000000
-2.8944272 1.4472136 0.0000000
2.6180340 -1.0000000 1.6180340
2.6180340 -1.0000000 -1.6180340
2.6180340 1.0000000 -1.6180340
