-0.0000000 1.0000000 0.5000000
-0.0000000 1.0000000 -0.5000000
0.8660254 0.5000000 0.5000000
0.8660254 0.5000000 -0.5000000
0.8660254 -0.5000000 0.5000000
0.8660254 -0.5000000 -0.5000000
0.0000000 -1.0000000 0.5000000
0.0000000 -1.0000000 -0.5000000
-0.8660254 -0.5000000 0.5000000
-0.8660254 -0.5000000 -0.5000000
-0.8660254 0.5000000 0.5000000
-0.8660254 0.5000000 -0.5000000
0.5773503 0.0000000 -1.3164966
-0.2886751 0.5000000 -1.3164966
-0.2886751 -0.5000000 -1.3164966
0.5773503 0.0000000 1.3164966
-0.2886751 -0.5000000 1.3164966
-0.2886751 0.5000000 1.3164966
