0.0000000 1.0000000 0.3090170
0.0000000 1.0000000 -0.3090170
0.5877853 0.8090170 0.3090170
0.5877853 0.8090170 -0.3090170
0.9510565 0.3090170 0.3090170
0.9510565 0.3090170 -0.3090170
0.9510565 -0.3090170 0.3090170
0.9510565 -0.3090170 -0.3090170
0.5877853 -0.8090170 0.3090170
0.5877853 -0.8090170 -0.3090170
0.0000000 -1.0000000 0.3090170
0.0000000 -1.0000000 -0.3090170
-0.5877853 -0.8090170 0.3090170
-0.5877853 -0.8090170 -0.3090170
-0.9510565 -0.3090170 0.3090170
-0.9510565 -0.3090170 -0.3090170
-0.9510565 0.3090170 0.3090170
-0.9510565 0.3090170 -0.3090170
-0.5877853 0.8090170 0.3090170
-0.5877853 0.8090170 -0.3090170
0.1624598 0.5000000 0.6339367
0.5257311 0.0000000 0.6339367
0.1624598 -0.5000000 0.6339367
-0.4253254 -0.3090170 0.6339367
-0.4253254 0.3090170 0.6339367
0.4253254 0.3090170 -0.6339367
-0.1624598 0.5000000 -0.6339367
-0.5257311 0.0000000 -0.6339367
-0.1624598 -0.5000000 -0.6339367
0.4253254 -0.3090170 -0.6339367
