-0.3856620 -2.4744202 2.6180340
-2.3856620 0.7616478 -2.6180340
0.3156397 3.4311440 -0.0000000
2.9336737 1.1950760 -1.6180340
3.5517076 0.1950760 -0.0000000
2.9336737 -0.8049240 -1.6180340
1.3156397 1.8131100 2.6180340
-1.3856620 -0.8563862 3.2360680
2.9336737 -0.8049240 1.6180340
2.9336737 1.1950760 1.6180340
-3.0036959 1.7616478 -1.0000000
0.2323720 -3.4744202 1.0000000
-1.3856620 -0.8563862 -3.2360680
1.3156397 1.8131100 -2.6180340
1.9336737 2.8131100 1.0000000
-2.3856620 0.7616478 2.6180340
1.9336737 2.8131100 -1.0000000
-0.3856620 -2.4744202 -2.6180340
-3.0036959 1.7616478 1.0000000
0.2323720 -3.4744202 -1.0000000
-2.5564823 -0.9619590 1.6180340
-1.5564823 -2.5799930 1.0000000
-1.5564823 -2.5799930 -1.0000000
-2.5564823 -0.9619590 -1.6180340
-3.1745163 0.0380410 0.0000000
0.3156397 0.1950760 3.2360680
0.3156397 0.1950760 -3.2360680
-0.6843603 1.8131100 2.6180340
-0.6843603 1.8131100 -2.6180340
1.3156397 -1.4229579 2.6180340
1.3156397 -1.4229579 -2.6180340
-1.3023943 2.8131100 1.0000000
1.9336737 -2.4229579 -1.0000000
-1.3023943 2.8131100 -1.0000000
1.9336737 -2.4229579 1.0000000
