0.1493492 -2.1437651 2.6180340
-1.8506508 1.0923029 -2.6180340
0.8506508 3.7617991 0.0000000
-1.1270440 -3.3145855 -1.6180340
4.0867188 0.5257311 0.0000000
-3.9158984 -0.8021243 1.0000000
1.8506508 2.1437651 2.6180340
-0.8506508 -0.5257311 3.2360680
-1.1270440 -3.3145855 1.6180340
-2.7450780 -0.6965515 -2.6180340
-2.4686848 2.0923029 -1.0000000
0.7673832 -3.1437651 1.0000000
-0.8506508 -0.5257311 -3.2360680
1.8506508 2.1437651 -2.6180340
2.4686848 3.1437651 1.0000000
-1.8506508 1.0923029 2.6180340
-2.2978644 -3.4201583 -0.0000000
-2.9158984 -2.4201583 -1.6180340
-2.4686848 2.0923029 1.0000000
0.7673832 -3.1437651 -1.0000000
0.1493492 -2.1437651 -2.6180340
2.4686848 3.1437651 -1.0000000
3.4686848 1.5257311 1.6180340
-2.7450780 -0.6965515 2.6180340
-2.9158984 -2.4201583 1.6180340
-3.9158984 -0.8021243 -1.0000000
-3.7450780 0.9214825 0.0000000
3.4686848 -0.4742689 1.6180340
3.4686848 -0.4742689 -1.6180340
3.4686848 1.5257311 -1.6180340
0.8506508 0.5257311 3.2360680
0.8506508 0.5257311 -3.2360680
-0.1493492 2.1437651 2.6180340
-0.1493492 2.1437651 -2.6180340
1.8506508 -1.0923029 2.6180340
1.8506508 -1.0923029 -2.6180340
-0.7673832 3.1437651 1.0000000
-0.7673832 3.1437651 -1.0000000
2.4686848 -2.0923029 1.0000000
2.4686848 -2.0923029 -1.0000000
