-0.0000000 1.0000000 0.4277998
0.5000000 0.8660254 -0.4277998
0.8660254 0.5000000 0.4277998
1.0000000 0.0000000 -0.4277998
0.8660254 -0.5000000 0.4277998
0.5000000 -0.8660254 -0.4277998
0.0000000 -1.0000000 0.4277998
-0.5000000 -0.8660254 -0.4277998
-0.8660254 -0.5000000 0.4277998
-1.0000000 -0.0000000 -0.4277998
-0.8660254 0.5000000 0.4277998
-0.5000000 0.8660254 -0.4277998
0.5000000 -0.2886751 -1.2442964
0.0000000 0.5773503 -1.2442964
-0.5000000 -0.2886751 -1.2442964
0.2886751 0.5000000 1.2442964
0.2886751 -0.5000000 1.2442964
-0.5773503 0.0000000 1.2442964
