2.2745091 1.0000000 1.0000000
-2.2745091 0.5411961 1.3065630
-2.2745091 -1.3065630 0.5411961
-2.2745091 -0.5411961 -1.3065630
-2.2745091 1.3065630 -0.5411961
2.2745091 -1.0000000 1.0000000
2.2745091 -1.0000000 -1.0000000
2.2745091 1.0000000 -1.0000000
0.8602956 1.0000000 2.4142136
-0.8602956 0.0000000 2.6131259
-0.8602956 -1.8477591 1.8477591
-0.8602956 0.0000000 -2.6131259
-0.8602956 1.8477591 -1.8477591
0.8602956 -1.0000000 2.4142136
0.8602956 -1.0000000 -2.4142136
0.8602956 1.0000000 -2.4142136
0.8602956 2.4142136 1.0000000
-0.8602956 1.8477591 1.8477591
-0.8602956 -2.6131259 0.0000000
-0.8602956 -1.8477591 -1.8477591
-0.8602956 2.6131259 0.0000000
0.8602956 -2.4142136 1.0000000
0.8602956 -2.4142136 -1.0000000
0.8602956 2.4142136 -1.0000000
