-0.7261570 -1.6243602 3.0776835
-1.7776192 0.0769414 -3.0776835
0.2153093 3.3691364 -0.0000000
2.8333433 1.1330685 -1.6180340
3.4513773 0.1330685 -0.0000000
2.8333433 -0.8669315 -1.6180340
1.2153093 1.7511025 2.6180340
-1.7776192 0.0769414 3.0776835
2.8333433 -0.8669315 1.6180340
2.8333433 1.1330685 1.6180340
-2.6282700 1.4533233 -1.9021130
0.1244938 -3.0007421 1.9021130
-0.7261570 -1.6243602 -3.0776835
1.2153093 1.7511025 -2.6180340
1.8333433 2.7511025 1.0000000
-2.6282700 1.4533233 1.9021130
1.8333433 2.7511025 -1.0000000
0.1244938 -3.0007421 -1.9021130
-2.9531897 1.9790544 -0.0000000
0.4494135 -3.5264733 -0.0000000
-2.6720464 -0.4758450 1.3763819
-1.6205842 -2.1771466 1.3763819
-1.2956645 -2.7028777 -0.5257311
-2.1463153 -1.3264958 -1.7013016
-2.9969661 0.0498861 -0.5257311
0.2153093 0.1330685 3.2360680
0.2153093 0.1330685 -3.2360680
-0.7846907 1.7511025 2.6180340
-0.7846907 1.7511025 -2.6180340
1.2153093 -1.4849655 2.6180340
1.2153093 -1.4849655 -2.6180340
-1.4027247 2.7511025 1.0000000
1.8333433 -2.4849655 -1.0000000
-1.4027247 2.7511025 -1.0000000
1.8333433 -2.4849655 1.0000000
