-0.2078676 -1.3040397 3.0776835
-1.2593298 0.3972619 -3.0776835
0.7335987 3.6894569 -0.0000000
-0.8044304 -3.5748489 -0.8506508
3.9696667 0.4533889 -0.0000000
-3.9258903 -0.5242206 0.5257311
1.7335987 2.0714229 2.6180340
-1.2593298 0.3972619 3.0776835
-1.3301615 -2.7241980 2.2270327
-2.1808123 -1.3478161 -2.7527638
-2.1099806 1.7736438 -1.9021130
0.6427832 -2.6804217 1.9021130
-0.2078676 -1.3040397 -3.0776835
1.7335987 2.0714229 -2.6180340
2.3516327 3.0714229 1.0000000
-2.1099806 1.7736438 1.9021130
-2.2245887 -3.2769845 0.5257311
-2.5495084 -2.7512533 -1.3763819
-2.4349003 2.2993749 -0.0000000
0.9677029 -3.2061528 -0.0000000
0.6427832 -2.6804217 -1.9021130
2.3516327 3.0714229 -1.0000000
3.3516327 1.4533889 1.6180340
-3.0314631 0.0285658 2.2270327
-3.0752395 -1.9006025 1.7013016
-3.6009706 -1.0499517 -1.3763819
-3.5571942 0.8792166 -0.8506508
3.3516327 -0.5466111 1.6180340
3.3516327 -0.5466111 -1.6180340
3.3516327 1.4533889 -1.6180340
0.7335987 0.4533889 3.2360680
0.7335987 0.4533889 -3.2360680
-0.2664013 2.0714229 2.6180340
-0.2664013 2.0714229 -2.6180340
1.7335987 -1.1646451 2.6180340
1.7335987 -1.1646451 -2.6180340
-0.8844353 3.0714229 1.0000000
-0.8844353 3.0714229 -1.0000000
2.3516327 -2.1646451 1.0000000
2.3516327 -2.1646451 -1.0000000
