1.0000000 0.9179235 1.0507261
-1.0000000 0.9179235 1.0507261
-1.0000000 -1.0820765 1.0507261
-1.0000000 -1.0820765 -0.9492739
-1.0000000 0.9179235 -0.9492739
1.0000000 -1.0820765 1.0507261
1.0000000 -1.0820765 -0.9492739
1.0000000 0.9179235 -0.9492739
0.0000000 0.5359575 1.6687601
0.0000000 -0.7001105 1.6687601
0.0000000 -0.7001105 -1.5673079
0.0000000 0.5359575 -1.5673079
0.6180340 1.5359575 0.0507261
-0.6180340 1.5359575 0.0507261
-0.6180340 -1.7001105 0.0507261
0.6180340 -1.7001105 0.0507261
1.6180340 -0.0820765 0.6687601
-1.6180340 -0.0820765 0.6687601
-1.6180340 -0.0820765 -0.5673079
1.6180340 -0.0820765 -0.5673079
-0.0000000 1.6415303 -1.0145215
