1.0000000 1.0000000 1.0000000
-1.0000000 1.0000000 1.0000000
-1.0000000 -1.0000000 1.0000000
-1.0000000 -1.0000000 -1.0000000
-1.0000000 1.0000000 -1.0000000
1.0000000 -1.0000000 1.0000000
1.0000000 -1.0000000 -1.0000000
1.0000000 1.0000000 -1.0000000
0.0000000 0.6180340 1.6180340
0.0000000 -0.6180340 1.6180340
0.0000000 -0.6180340 -1.6180340
0.0000000 0.6180340 -1.6180340
0.6180340 1.6180340 0.0000000
-0.6180340 1.6180340 0.0000000
-0.6180340 -1.6180340 0.0000000
0.6180340 -1.6180340 0.0000000
1.6180340 0.0000000 0.6180340
-1.6180340 0.0000000 0.6180340
-1.6180340 0.0000000 -0.6180340
1.6180340 0.0000000 -0.6180340
-0.0000000 1.7236068 -1.0652476
0.0000000 -1.7236068 1.0652476
