0.9216542 0.9700746 1.0484203
-1.0783458 0.9700746 1.0484203
-1.0783458 -1.0299254 1.0484203
-1.0783458 -1.0299254 -0.9515797
-1.0783458 0.9700746 -0.9515797
0.9216542 -1.0299254 1.0484203
0.9216542 -1.0299254 -0.9515797
0.9216542 0.9700746 -0.9515797
-0.0783458 0.5881086 1.6664543
-0.0783458 -0.6479594 1.6664543
-0.0783458 -0.6479594 -1.5696136
-0.0783458 0.5881086 -1.5696136
0.5396882 1.5881086 0.0484203
-0.6963798 1.5881086 0.0484203
-0.6963798 -1.6479594 0.0484203
0.5396882 -1.6479594 0.0484203
1.5396882 -0.0299254 0.6664543
-1.6963798 -0.0299254 0.6664543
-1.6963798 -0.0299254 -0.5696136
1.5396882 -0.0299254 -0.5696136
-0.0783458 1.6936814 -1.0168272
1.6452610 -1.0951730 0.0484203
