0.9713757 0.9713757 0.9713757
-1.0286243 0.9713757 0.9713757
-1.0286243 -1.0286243 0.9713757
-1.0286243 -1.0286243 -1.0286243
-1.0286243 0.9713757 -1.0286243
0.9713757 -1.0286243 0.9713757
0.9713757 -1.0286243 -1.0286243
0.9713757 0.9713757 -1.0286243
-0.0286243 0.5894097 1.5894097
-0.0286243 -0.6466583 1.5894097
-0.0286243 -0.6466583 -1.6466583
-0.0286243 0.5894097 -1.6466583
0.5894097 1.5894097 -0.0286243
-0.6466583 1.5894097 -0.0286243
-0.6466583 -1.6466583 -0.0286243
0.5894097 -1.6466583 -0.0286243
1.5894097 -0.0286243 0.5894097
-1.6466583 -0.0286243 0.5894097
-1.6466583 -0.0286243 -0.6466583
1.5894097 -0.0286243 -0.6466583
-0.0286243 1.6949825 -1.0938719
1.6949825 -1.0938719 -0.0286243
-1.0938719 -0.0286243 1.6949825
