0.4142136 1.0000000 1.0000000
-0.4142136 1.0000000 1.0000000
-0.4142136 -1.0000000 1.0000000
-0.4142136 -1.0000000 -1.0000000
-0.4142136 1.0000000 -1.0000000
0.4142136 -1.0000000 1.0000000
0.4142136 -1.0000000 -1.0000000
0.4142136 1.0000000 -1.0000000
1.0000000 1.0000000 0.4142136
-1.0000000 1.0000000 0.4142136
-1.0000000 -1.0000000 0.4142136
-1.0000000 -1.0000000 -0.4142136
-1.0000000 1.0000000 -0.4142136
1.0000000 -1.0000000 0.4142136
1.0000000 -1.0000000 -0.4142136
1.0000000 1.0000000 -0.4142136
1.0000000 0.4142136 1.0000000
-1.0000000 0.4142136 1.0000000
-1.0000000 -0.4142136 1.0000000
-1.0000000 -0.4142136 -1.0000000
-1.0000000 0.4142136 -1.0000000
1.0000000 -0.4142136 1.0000000
1.0000000 -0.4142136 -1.0000000
1.0000000 0.4142136 -1.0000000
0.5857864 -0.0000000 -1.5857864
0.0000000 0.5857864 -1.5857864
0.0000000 -0.5857864 -1.5857864
-0.5857864 -0.0000000 -1.5857864
-0.0000000 0.5857864 1.5857864
0.5857864 0.0000000 1.5857864
-0.5857864 0.0000000 1.5857864
-0.0000000 -0.5857864 1.5857864
