1.0000000 -1.0000000 4.2360680
-0.7236068 0.0000000 4.4068884
-1.7236068 -1.6180340 3.7888544
-0.7236068 0.0000000 -4.4068884
-1.7236068 1.6180340 -3.7888544
-0.0000000 -2.6180340 3.6180340
1.0000000 1.0000000 -4.2360680
-0.0000000 2.6180340 -3.6180340
1.0000000 4.2360680 1.0000000
-1.0000000 4.2360680 1.0000000
-1.0000000 -4.2360680 1.0000000
-1.0000000 -4.2360680 -1.0000000
-1.0000000 4.2360680 -1.0000000
1.6180340 -3.2360680 2.6180340
1.0000000 -4.2360680 1.0000000
1.0000000 4.2360680 -1.0000000
4.2360680 1.0000000 -1.0000000
-3.2360680 2.6180340 1.6180340
-4.2360680 1.0000000 1.0000000
-3.2360680 -2.6180340 -1.6180340
-4.2360680 -1.0000000 -1.0000000
4.4068884 -0.7236068 -0.0000000
3.7888544 -1.7236068 -1.6180340
3.6180340 0.0000000 -2.6180340
1.6180340 3.2360680 2.6180340
-0.0000000 2.6180340 3.6180340
-3.2360680 -2.6180340 1.6180340
-0.0000000 -2.6180340 -3.6180340
-3.2360680 2.6180340 -1.6180340
2.6180340 -1.6180340 3.2360680
1.0000000 -4.2360680 -1.0000000
1.6180340 3.2360680 -2.6180340
3.2360680 2.6180340 1.6180340
-1.6180340 3.2360680 2.6180340
-4.2360680 -1.0000000 1.0000000
-1.6180340 -3.2360680 -2.6180340
-4.2360680 1.0000000 -1.0000000
3.7888544 -1.7236068 1.6180340
2.7888544 -3.3416408 -1.0000000
3.2360680 2.6180340 -1.6180340
2.6180340 1.6180340 3.2360680
-1.7236068 1.6180340 3.7888544
-3.3416408 -1.0000000 2.7888544
-1.7236068 -1.6180340 -3.7888544
-3.3416408 1.0000000 -2.7888544
3.6180340 0.0000000 2.6180340
1.6180340 -3.2360680 -2.6180340
2.6180340 1.6180340 -3.2360680
4.2360680 1.0000000 1.0000000
-3.3416408 1.0000000 2.7888544
-3.3416408 -1.0000000 -2.7888544
2.6180340 -1.6180340 -3.2360680
1.0000000 1.0000000 4.2360680
-1.6180340 -3.2360680 2.6180340
1.0000000 -1.0000000 -4.2360680
-1.6180340 3.2360680 -2.6180340
2.6180340 3.6180340 -0.0000000
-2.6180340 3.6180340 -0.0000000
-2.6180340 -3.6180340 -0.0000000
2.7888544 -3.3416408 1.0000000
