0.8026527 1.0000000 4.5553826
2.5915071 -3.3416408 1.3193147
-2.8153813 -3.6180340 0.3193147
-0.9209541 0.0000000 -4.0875737
-1.9209541 1.6180340 -3.4695397
0.8026527 -1.0000000 4.5553826
0.8026527 1.0000000 -3.9167533
-0.1973473 2.6180340 -3.2987193
0.8026527 4.2360680 1.3193147
-1.1973473 4.2360680 1.3193147
-1.1973473 -4.2360680 1.3193147
-1.1973473 -4.2360680 -0.6806853
-1.1973473 4.2360680 -0.6806853
1.4206867 -3.2360680 2.9373486
0.8026527 -4.2360680 1.3193147
0.8026527 4.2360680 -0.6806853
4.0387207 1.0000000 -0.6806853
-4.4334153 1.0000000 1.3193147
-4.4334153 -1.0000000 1.3193147
-3.4334153 -2.6180340 -1.2987193
-4.4334153 -1.0000000 -0.6806853
4.2095411 -0.7236068 0.3193147
3.5915071 -1.7236068 -1.2987193
3.4206867 0.0000000 -2.2987193
1.4206867 3.2360680 2.9373486
-1.8153813 3.2360680 2.9373486
-1.8153813 -3.2360680 2.9373486
-0.1973473 -2.6180340 -3.2987193
-3.4334153 2.6180340 -1.2987193
2.4206867 -1.6180340 3.5553826
0.8026527 -4.2360680 -0.6806853
1.4206867 3.2360680 -2.2987193
3.0387207 2.6180340 1.9373486
-3.4334153 2.6180340 1.9373486
-3.4334153 -2.6180340 1.9373486
-1.8153813 -3.2360680 -2.2987193
-4.4334153 1.0000000 -0.6806853
3.5915071 -1.7236068 1.9373486
2.5915071 -3.3416408 -0.6806853
3.0387207 2.6180340 -1.2987193
2.4206867 1.6180340 3.5553826
-2.8153813 3.6180340 0.3193147
2.4206867 3.6180340 0.3193147
-1.9209541 -1.6180340 -3.4695397
-3.5389881 1.0000000 -2.4695397
3.4206867 0.0000000 2.9373486
1.4206867 -3.2360680 -2.2987193
2.4206867 1.6180340 -2.9167533
4.0387207 1.0000000 1.3193147
-1.8153813 3.2360680 -2.2987193
-3.5389881 -1.0000000 -2.4695397
2.4206867 -1.6180340 -2.9167533
-0.1973473 2.6180340 3.9373486
-0.1973473 -2.6180340 3.9373486
0.8026527 -1.0000000 -3.9167533
