1.1341641 0.7829180 4.5873141
0.1341641 -2.8351160 -3.2667879
0.1341641 -2.8351160 3.9692801
-0.8658359 -1.2170820 -3.8848219
-0.8658359 0.7829180 -3.8848219
1.1341641 -1.2170820 4.5873141
1.1341641 -1.2170820 -3.8848219
1.1341641 0.7829180 -3.8848219
1.1341641 4.0189859 1.3512461
-0.8658359 4.0189859 1.3512461
-0.8658359 -4.4531500 1.3512461
-0.8658359 -4.4531500 -0.6487539
-0.8658359 4.0189859 -0.6487539
1.1341641 -4.4531500 1.3512461
1.1341641 -4.4531500 -0.6487539
1.1341641 4.0189859 -0.6487539
4.3702321 0.7829180 1.3512461
-4.1019039 0.7829180 1.3512461
-4.1019039 -1.2170820 1.3512461
-4.1019039 -1.2170820 -0.6487539
-4.1019039 0.7829180 -0.6487539
-2.4838699 -3.8351160 0.3512461
-2.4838699 3.4009519 0.3512461
4.3702321 0.7829180 -0.6487539
1.7521981 3.0189859 2.9692801
-1.4838699 3.0189859 2.9692801
-1.4838699 -3.4531500 2.9692801
-1.4838699 -3.4531500 -2.2667879
-1.4838699 3.0189859 -2.2667879
1.7521981 -3.4531500 2.9692801
1.7521981 -3.4531500 -2.2667879
1.7521981 3.0189859 -2.2667879
3.3702321 2.4009519 1.9692801
-3.1019039 2.4009519 1.9692801
-3.1019039 -2.8351160 1.9692801
-3.1019039 -2.8351160 -1.2667879
-3.1019039 2.4009519 -1.2667879
2.7521981 3.4009519 0.3512461
0.1341641 2.4009519 -3.2667879
3.3702321 2.4009519 -1.2667879
2.7521981 1.4009519 3.5873141
0.1341641 2.4009519 3.9692801
3.7521981 -0.2170820 -2.2667879
-2.4838699 -1.8351160 -2.8848219
-2.4838699 1.4009519 -2.8848219
2.7521981 -1.8351160 3.5873141
2.7521981 -1.8351160 -2.8848219
2.7521981 1.4009519 -2.8848219
3.7521981 -0.2170820 2.9692801
-3.4838699 -0.2170820 -2.2667879
