0.5658359 1.0000000 4.2360680
2.3546903 -3.3416408 1.0000000
-3.0521981 -3.6180340 0.0000000
-0.4341641 -2.6180340 -3.6180340
-0.4341641 -2.6180340 3.6180340
0.5658359 -1.0000000 4.2360680
0.5658359 -1.0000000 -4.2360680
0.5658359 1.0000000 -4.2360680
0.5658359 4.2360680 1.0000000
-1.4341641 4.2360680 1.0000000
-1.4341641 -4.2360680 1.0000000
-1.4341641 -4.2360680 -1.0000000
-1.4341641 4.2360680 -1.0000000
1.1838699 -3.2360680 2.6180340
0.5658359 -4.2360680 1.0000000
0.5658359 4.2360680 -1.0000000
3.8019039 1.0000000 -1.0000000
-4.6702321 1.0000000 1.0000000
-4.6702321 -1.0000000 1.0000000
-4.6702321 -1.0000000 -1.0000000
-4.6702321 1.0000000 -1.0000000
3.9727243 -0.7236068 0.0000000
3.3546903 -1.7236068 -1.6180340
3.1838699 -0.0000000 -2.6180340
1.1838699 3.2360680 2.6180340
-2.0521981 3.2360680 2.6180340
-2.0521981 -3.2360680 2.6180340
-2.0521981 -3.2360680 -2.6180340
-2.0521981 3.2360680 -2.6180340
2.1838699 -1.6180340 3.2360680
0.5658359 -4.2360680 -1.0000000
1.1838699 3.2360680 -2.6180340
2.8019039 2.6180340 1.6180340
-3.6702321 2.6180340 1.6180340
-3.6702321 -2.6180340 1.6180340
-3.6702321 -2.6180340 -1.6180340
-3.6702321 2.6180340 -1.6180340
3.3546903 -1.7236068 1.6180340
2.3546903 -3.3416408 -1.0000000
2.8019039 2.6180340 -1.6180340
2.1838699 1.6180340 3.2360680
-3.0521981 3.6180340 0.0000000
2.1838699 3.6180340 0.0000000
-0.4341641 2.6180340 3.6180340
2.1838699 -1.6180340 -3.2360680
3.1838699 -0.0000000 2.6180340
1.1838699 -3.2360680 -2.6180340
2.1838699 1.6180340 -3.2360680
3.8019039 1.0000000 1.0000000
-0.4341641 2.6180340 -3.6180340
