0.9078689 0.7587977 4.2360680
-0.0921311 -2.8592363 -3.6180340
-0.0921311 -2.8592363 3.6180340
3.5259029 -0.2412023 2.6180340
2.5259029 1.3768317 -3.2360680
0.9078689 -1.2412023 4.2360680
0.9078689 -1.2412023 -4.2360680
0.9078689 0.7587977 -4.2360680
0.9078689 3.9948657 1.0000000
-1.0921311 3.9948657 1.0000000
-1.0921311 -4.4772702 1.0000000
-1.0921311 -4.4772702 -1.0000000
-1.0921311 3.9948657 -1.0000000
0.9078689 -4.4772702 1.0000000
0.9078689 -4.4772702 -1.0000000
0.9078689 3.9948657 -1.0000000
4.1439369 0.7587977 1.0000000
-4.3281990 0.7587977 1.0000000
-4.3281990 -1.2412023 1.0000000
-4.3281990 -1.2412023 -1.0000000
-4.3281990 0.7587977 -1.0000000
-2.7101651 -3.8592363 0.0000000
-2.7101651 3.3768317 0.0000000
4.1439369 0.7587977 -1.0000000
1.5259029 2.9948657 2.6180340
-1.7101651 2.9948657 2.6180340
-1.7101651 -3.4772702 2.6180340
-1.7101651 -3.4772702 -2.6180340
-1.7101651 2.9948657 -2.6180340
1.5259029 -3.4772702 2.6180340
1.5259029 -3.4772702 -2.6180340
1.5259029 2.9948657 -2.6180340
3.1439369 2.3768317 1.6180340
-3.3281990 2.3768317 1.6180340
-3.3281990 -2.8592363 1.6180340
-3.3281990 -2.8592363 -1.6180340
-3.3281990 2.3768317 -1.6180340
2.5259029 3.3768317 0.0000000
-0.0921311 2.3768317 -3.6180340
3.1439369 2.3768317 -1.6180340
2.5259029 1.3768317 3.2360680
-0.0921311 2.3768317 3.6180340
3.5259029 -0.2412023 -2.6180340
2.5259029 -1.8592363 -3.2360680
2.5259029 -1.8592363 3.2360680
