1.2132055 0.0000000 0.1856070
0.8578658 0.8578658 -0.1856070
0.0000000 1.2132055 0.1856070
-0.8578658 0.8578658 -0.1856070
-1.2132055 0.0000000 0.1856070
-0.8578658 -0.8578658 -0.1856070
0.0000000 -1.2132055 0.1856070
0.8578658 -0.8578658 -0.1856070
0.5000000 0.5000000 0.6768686
-0.5000000 0.5000000 0.6768686
-0.5000000 -0.5000000 0.6768686
0.5000000 -0.5000000 0.6768686
0.7071068 0.0000000 -0.6768686
0.0000000 0.7071068 -0.6768686
-0.7071068 0.0000000 -0.6768686
0.0000000 -0.7071068 -0.6768686
