-0.0000000 0.4999996 1.1044361
-0.0000000 -0.4999996 1.1044361
-0.0000000 1.1264834 0.3250029
0.7671323 0.5000005 0.4629474
0.7671323 -0.5000005 0.4629474
-0.0000000 -1.1264834 0.3250029
-0.7671323 -0.5000005 0.4629474
-0.7671323 0.5000005 0.4629474
0.5000005 0.7671323 -0.4629474
1.1264834 0.0000000 -0.3250029
0.5000005 -0.7671323 -0.4629474
-0.5000005 -0.7671323 -0.4629474
-1.1264834 0.0000000 -0.3250029
-0.5000005 0.7671323 -0.4629474
0.4999996 0.0000000 -1.1044361
-0.4999996 0.0000000 -1.1044361
