0.1435329 2.3796009 -0.2384331
2.3796009 -0.2384331 0.1435329
-0.2384331 0.1435329 2.3796009
-0.8564671 1.7615669 1.3796009
1.7615669 1.3796009 -0.8564671
1.3796009 -0.8564671 1.7615669
-1.8564671 2.3796009 -0.2384331
2.3796009 -0.2384331 -1.8564671
-0.2384331 -1.8564671 2.3796009
-2.4745011 0.7615669 0.7615669
0.7615669 0.7615669 -2.4745011
0.7615669 -2.4745011 0.7615669
-0.8564671 1.7615669 -1.8564671
1.7615669 -1.8564671 -0.8564671
-1.8564671 -0.8564671 1.7615669
-1.8564671 -0.8564671 -0.2384331
-0.8564671 -0.2384331 -1.8564671
-0.2384331 -1.8564671 -0.8564671
