19 20 21 32 15 13 15 68 81 34 33 15 13 15 34 13 49 47 49 52 82 34 33 15 13
15 34 13 49 47 49 52 82 34 33 15 13 15 34 13 49 47 49 52 82 34 33 15 13 15
34 13 49 47 49 52 82 34 33 15 13 15 34 13 49 47 49 52 82 18 19 13 19 21 78
27 54 29 55 52 55 52 55 52 55 52 55 52 30 13 30 78 63 82 15 13 15 13 53 56
30 16 32 27 15 13 15 27 32 57 59 57 58 57 59 81 15 13 15 81 71 74 72 74 76
27 54 29 55 52 55 52 55 52 55 52 55 52 30 13 30 78 63 82 15 13 15 13 52 57
59 57 58 57 59 64 15 13 15 19 64 81 71 74 72 74 76 27 54 29 55 52 55 52 55
52 55 52 55 52 30 13 30 15 13 15 13 52 57 59 57 58 57 59 64 15 13 15 19 64
81 71 74 72 74 76 27 54 29 55 52 55 52 55 52 55 52 55 52 30 13 30 15 13 15
13 68 81 34 33 15 13 15 34 13 36 39 41 39 39 41 39 41 39 41 39 41 39 41 39
41 43 52 82 34 33 15 13 15 34 13 36 39 41 39 39 41 39 41 39 41 39 41 39 41
39 41 43 52 82 34 33 15 13 15 34 13 36 39 41 39 39 41 39 41 39 41 39 41 39
41 39 41 43 52 82 34 33 15 13 15 34 13 36 39 41 39 39 41 39 41 39 41 39 41
39 41 39 41 43 52 82 34 33 15 13 15 34 13 36 39 41 39 39 41 39 41 39 41 39
41 39 41 39 41 43 52 82 18 55 29 55 29 29 55 29 29 55 29 29 55 29 29 55 29
19 13 19 57 59 57 58 57 59 81 71 74 72 74 76 27 54 29 55 52 55 52 55 52 55
52 55 52 30 13 30 15 13 15 13 52 57 59 57 58 57 59 60 15 13 15 60 81 71 74
72 74 76 27 54 29 55 52 55 52 55 52 55 52 55 52 30 13 30 15 13 15 13 52 57
59 57 58 57 59 64 15 13 15 19 64 81 71 74 72 74 76 27 54 29 55 52 55 52 55
52 55 52 55 52 30 13 30 78 63 82 15 13 15 13 52 57 59 57 58 57 59 64 15 13
15 19 64 81 54 15 13 15 54 15 13 15 15 13 15 83 15 13 15 27 54 29 55 52 55
52 55 52 55 52 55 52 30 13 30 78 63 82 15 13 15 13 52 57 59 57 58 57 59 64
15 13 15 64 81 83 68 71 15 13 15 74 72 74 76 27 54 29 55 52 55 52 55 52 55
52 55 52 30 13 30 78 63 82 15 13 15 13 52 57 59 57 58 57 59 64 15 13 15 64
81 83 68 71 74 72 74 76 27 54 29 55 52 55 52 55 52 55 52 55 52 30 13 30 78
63 82 15 13 15 13 52 57 59 57 58 57 59 61 15 13 15 61 81 83 68 71 15 13 15
74 72 74 76 27 54 29 55 52 55 52 55 52 55 52 55 52 30 13 30 15 13 15 13 68
81 34 33 15 13 15 34 13 36 39 41 39 39 41 39 41 39 41 39 41 39 41 39 41 43
52 82 34 33 15 13 15 34 13 36 39 41 39 39 41 39 41 39 41 39 41 39 41 39 41
43 52 82 34 33 15 13 15 34 13 36 39 41 39 39 41 39 41 39 41 39 41 39 41 39
41 43 52 82 34 33 15 13 15 34 13 36 39 41 39 39 41 39 41 39 41 39 41 39 41
39 41 43 52 82 34 33 15 13 15 34 13 36 39 41 39 39 41 39 41 39 41 39 41 39
41 39 41 43 52 82 18 55 29 55 29 29 55 29 29 55 29 29 55 29 29 55 29 19 13
19 57 59 57 58 57 59 81 15 13 15 81 83 68 71 74 72 74 76 27 54 29 55 52 55
52 55 52 55 52 55 52 30 13 30 15 13 15 13 52 57 59 57 58 57 59 65 15 13 15
65 81 83 68 71 74 72 74 76 27 54 29 55 52 55 52 55 52 55 52 55 52 30 13 30
15 13 15 13 52 57 59 57 58 57 59 60 15 13 15 60 81 83 68 69 70 71 15 13 15
74 72 74 76 27 54 29 55 52 55 52 55 52 55 52 55 52 30 13 30 15 13 15 13 52
57 59 57 58 57 59 64 15 13 15 19 64 81 83 68 71 15 13 15 74 72 74 76 27 83
26 21 15 13 15 15 13 15 24 85
