19 20 21 29 15 13 15 5 55 65 31 30 15 13 15 31 13 37 36 37 39 66 31 30 15
13 15 31 13 37 36 37 39 66 31 30 15 13 15 31 13 37 36 37 39 66 31 30 15 13
15 31 13 37 36 37 39 66 31 30 15 13 15 31 13 37 36 37 39 66 18 19 13 19 21
62 26 41 58 41 27 42 39 42 39 42 39 42 39 42 39 28 13 28 62 50 66 15 13 15
13 55 65 31 30 15 13 15 31 13 33 34 33 33 34 33 34 33 34 33 34 33 34 33 34
35 39 66 31 30 15 13 15 31 13 33 34 33 33 34 33 34 33 34 33 34 33 34 33 34
35 39 66 31 30 15 13 15 31 13 33 34 33 33 34 33 34 33 34 33 34 33 34 33 34
35 39 66 31 30 15 13 15 31 13 33 34 33 33 34 33 34 33 34 33 34 33 34 33 34
35 39 66 31 30 15 13 15 31 13 33 34 33 33 34 33 34 33 34 33 34 33 34 33 34
35 39 66 18 42 27 42 27 27 42 27 27 42 27 27 42 27 27 42 27 19 13 19 44 46
44 45 44 46 51 15 13 15 51 65 58 60 59 60 61 26 41 58 41 27 42 39 42 39 42
39 42 39 42 39 28 13 28 62 50 66 15 13 15 13 55 65 31 30 15 13 15 31 13 33
34 33 33 34 33 34 33 34 33 34 33 34 33 34 35 15 13 15 55 65 31 30 15 13 15
31 13 33 34 33 33 34 33 34 33 34 33 34 33 34 33 34 35 39 66 31 30 15 13 15
31 13 33 34 33 33 34 33 34 33 34 33 34 33 34 33 34 35 39 66 31 30 15 13 15
31 13 33 34 33 33 34 33 34 33 34 33 34 33 34 33 34 35 39 66 31 30 15 13 15
31 13 33 34 33 33 34 33 34 33 34 33 34 33 34 33 34 35 39 66 31 30 15 13 15
31 13 33 34 33 33 34 33 34 33 34 33 34 33 34 33 34 35 39 66 18 42 27 42 27
27 42 27 27 42 27 27 42 27 27 42 27 19 13 19 44 46 44 45 44 46 51 15 13 15
51 65 41 15 13 15 41 58 15 13 15 60 59 60 61 26 41 58 41 27 42 39 42 39 42
39 42 39 42 39 28 13 28 15 13 15 13 40 43 28 16 15 13 15 10 43 44 46 44 45
44 46 64 53 62 58 15 13 15 60 59 60 61 26 41 58 41 27 42 39 42 39 42 39 42
39 42 39 28 13 28 15 13 15 13 39 44 46 44 45 44 46 47 15 13 15 47 65 58 60
59 60 61 26 41 58 41 27 42 39 42 39 42 39 42 39 42 39 28 13 28 15 13 15 13
39 44 46 44 45 44 46 48 15 13 15 48 65 58 15 13 15 60 59 60 61 26 41 58 41
27 42 39 42 39 42 39 42 39 42 39 28 13 28 62 50 66 15 13 15 13 55 65 31 30
15 13 15 31 13 33 34 33 33 34 33 34 33 34 33 34 33 34 33 34 35 39 66 31 30
15 13 15 31 13 33 34 33 33 34 33 34 33 34 33 34 33 34 33 34 35 39 66 31 30
15 13 15 31 13 33 34 33 33 34 33 34 33 34 33 34 33 34 33 34 35 39 66 31 30
15 13 15 31 13 33 34 33 33 34 33 34 33 34 33 34 33 34 33 34 35 39 66 31 30
15 13 15 31 13 33 34 33 33 34 33 34 33 34 33 34 33 34 33 34 35 39 66 18 42
27 42 27 27 42 27 27 42 27 27 42 27 27 42 27 19 13 19 44 46 44 45 44 46 64
53 62 58 15 13 15 60 59 60 61 26 41 58 41 27 42 39 42 39 42 39 42 39 42 39
28 13 28 62 50 66 15 13 15 13 39 44 46 44 45 44 46 48 15 13 15 48 65 15 13
15 15 13 15 67 15 13 15 26 41 58 41 27 42 39 42 39 42 39 42 39 42 39 28 13
28 62 50 66 15 13 15 13 55 65 31 30 15 13 15 31 13 33 34 33 33 34 33 34 33
34 33 34 33 34 33 34 35 39 66 31 30 15 13 15 31 13 33 34 33 33 34 33 34 33
34 33 34 33 34 33 34 35 39 66 31 30 15 13 15 31 13 33 34 33 33 34 33 34 33
34 33 34 33 34 33 34 35 39 66 31 30 15 13 15 31 13 33 34 33 33 34 33 34 33
34 33 34 33 34 33 34 35 39 66 31 30 15 13 15 31 13 33 34 33 33 34 33 34 33
34 33 34 33 34 33 34 35 39 66 18 42 27 42 27 27 42 27 27 42 27 27 42 27 27
42 27 19 13 19 44 46 44 45 44 46 49 50 49 15 13 15 49 30 16 30 50 15 13 15
50 65 58 59 42 15 13 15 42 60 59 60 61 26 41 58 41 27 42 39 42 39 42 39 42
39 42 39 28 13 28 62 50 66 15 13 15 13 39 44 46 44 45 44 46 48 15 13 15 48
65 15 13 15 67 15 13 15 67 43 55 58 60 59 60 61 26 41 58 41 27 42 39 42 39
42 39 42 39 42 39 28 13 28 15 13 15 13 39 44 46 44 45 44 46 63 15 13 15 63
65 67 43 55 58 60 59 60 61 26 41 58 41 27 42 39 42 39 42 39 42 39 42 39 28
13 28 62 50 66 15 13 15 13 39 44 46 44 45 44 46 64 53 55 61 15 13 15 61 58
60 59 60 61 26 41 58 41 27 42 39 42 39 42 39 42 39 42 39 28 13 28 62 50 66
15 13 15 13 39 44 46 44 45 44 46 52 15 13 15 52 53 62 15 13 15 65 67 43 55
58 60 59 60 61 26 41 58 41 27 42 39 42 39 42 39 42 39 42 39 28 13 28 62 50
66 15 13 15 13 39 44 46 44 45 44 46 51 15 13 15 51 65 67 43 55 58 15 13 15
60 59 60 61 26 41 58 41 27 42 39 42 39 42 39 42 39 42 39 28 13 28 62 50 66
15 13 15 13 39 44 46 44 45 44 46 52 15 13 15 52 53 62 15 13 15 65 67 43 55
58 60 59 60 61 26 41 58 41 27 42 39 42 39 42 39 42 39 42 39 28 13 28 62 50
66 15 13 15 13 39 44 46 44 45 44 46 51 15 13 15 51 65 67 43 55 56 57 58 60
59 60 61 26 62 25 49 21 15 13 15 15 13 15 24 68
