0.6180340 0.6180340 4.6180340
-0.6180340 0.6180340 4.6180340
-0.6180340 -0.6180340 4.6180340
-0.6180340 -0.6180340 -4.6180340
-0.6180340 0.6180340 -4.6180340
0.6180340 -0.6180340 4.6180340
0.6180340 -0.6180340 -4.6180340
0.6180340 0.6180340 -4.6180340
0.6180340 4.6180340 0.6180340
-0.6180340 4.6180340 0.6180340
-0.6180340 -4.6180340 0.6180340
-0.6180340 -4.6180340 -0.6180340
-0.6180340 4.6180340 -0.6180340
0.6180340 -4.6180340 0.6180340
0.6180340 -4.6180340 -0.6180340
0.6180340 4.6180340 -0.6180340
4.6180340 0.6180340 0.6180340
-4.6180340 0.6180340 0.6180340
-4.6180340 -0.6180340 0.6180340
-4.6180340 -0.6180340 -0.6180340
-4.6180340 0.6180340 -0.6180340
4.6180340 -0.6180340 0.6180340
4.6180340 -0.6180340 -0.6180340
4.6180340 0.6180340 -0.6180340
1.2360680 1.6180340 4.2360680
-1.2360680 1.6180340 4.2360680
-1.2360680 -1.6180340 4.2360680
-1.2360680 -1.6180340 -4.2360680
-1.2360680 1.6180340 -4.2360680
1.2360680 -1.6180340 4.2360680
1.2360680 -1.6180340 -4.2360680
1.2360680 1.6180340 -4.2360680
1.6180340 4.2360680 1.2360680
-1.6180340 4.2360680 1.2360680
-1.6180340 -4.2360680 1.2360680
-1.6180340 -4.2360680 -1.2360680
-1.6180340 4.2360680 -1.2360680
1.6180340 -4.2360680 1.2360680
1.6180340 -4.2360680 -1.2360680
1.6180340 4.2360680 -1.2360680
4.2360680 1.2360680 1.6180340
-4.2360680 1.2360680 1.6180340
-4.2360680 -1.2360680 1.6180340
-4.2360680 -1.2360680 -1.6180340
-4.2360680 1.2360680 -1.6180340
4.2360680 -1.2360680 1.6180340
4.2360680 -1.2360680 -1.6180340
4.2360680 1.2360680 -1.6180340
0.6180340 2.6180340 3.8541020
-0.6180340 2.6180340 3.8541020
-0.6180340 -2.6180340 3.8541020
-0.6180340 -2.6180340 -3.8541020
-0.6180340 2.6180340 -3.8541020
0.6180340 -2.6180340 3.8541020
0.6180340 -2.6180340 -3.8541020
0.6180340 2.6180340 -3.8541020
2.6180340 3.8541020 0.6180340
-2.6180340 3.8541020 0.6180340
-2.6180340 -3.8541020 0.6180340
-2.6180340 -3.8541020 -0.6180340
-2.6180340 3.8541020 -0.6180340
2.6180340 -3.8541020 0.6180340
2.6180340 -3.8541020 -0.6180340
2.6180340 3.8541020 -0.6180340
3.8541020 0.6180340 2.6180340
-3.8541020 0.6180340 2.6180340
-3.8541020 -0.6180340 2.6180340
-3.8541020 -0.6180340 -2.6180340
-3.8541020 0.6180340 -2.6180340
3.8541020 -0.6180340 2.6180340
3.8541020 -0.6180340 -2.6180340
3.8541020 0.6180340 -2.6180340
2.2360680 2.0000000 3.6180340
-2.2360680 2.0000000 3.6180340
-2.2360680 -2.0000000 3.6180340
-2.2360680 -2.0000000 -3.6180340
-2.2360680 2.0000000 -3.6180340
2.2360680 -2.0000000 3.6180340
2.2360680 -2.0000000 -3.6180340
2.2360680 2.0000000 -3.6180340
2.0000000 3.6180340 2.2360680
-2.0000000 3.6180340 2.2360680
-2.0000000 -3.6180340 2.2360680
-2.0000000 -3.6180340 -2.2360680
-2.0000000 3.6180340 -2.2360680
2.0000000 -3.6180340 2.2360680
2.0000000 -3.6180340 -2.2360680
2.0000000 3.6180340 -2.2360680
3.6180340 2.2360680 2.0000000
-3.6180340 2.2360680 2.0000000
-3.6180340 -2.2360680 2.0000000
-3.6180340 -2.2360680 -2.0000000
-3.6180340 2.2360680 -2.0000000
3.6180340 -2.2360680 2.0000000
3.6180340 -2.2360680 -2.0000000
3.6180340 2.2360680 -2.0000000
1.6180340 3.0000000 3.2360680
-1.6180340 3.0000000 3.2360680
-1.6180340 -3.0000000 3.2360680
-1.6180340 -3.0000000 -3.2360680
-1.6180340 3.0000000 -3.2360680
1.6180340 -3.0000000 3.2360680
1.6180340 -3.0000000 -3.2360680
1.6180340 3.0000000 -3.2360680
3.0000000 3.2360680 1.6180340
-3.0000000 3.2360680 1.6180340
-3.0000000 -3.2360680 1.6180340
-3.0000000 -3.2360680 -1.6180340
-3.0000000 3.2360680 -1.6180340
3.0000000 -3.2360680 1.6180340
3.0000000 -3.2360680 -1.6180340
3.0000000 3.2360680 -1.6180340
3.2360680 1.6180340 3.0000000
-3.2360680 1.6180340 3.0000000
-3.2360680 -1.6180340 3.0000000
-3.2360680 -1.6180340 -3.0000000
-3.2360680 1.6180340 -3.0000000
3.2360680 -1.6180340 3.0000000
3.2360680 -1.6180340 -3.0000000
3.2360680 1.6180340 -3.0000000
