1.0000000 2.4142136 3.8284271
-1.0000000 2.4142136 3.8284271
-1.0000000 -2.4142136 3.8284271
-1.0000000 -2.4142136 -3.8284271
-1.0000000 2.4142136 -3.8284271
1.0000000 -2.4142136 3.8284271
1.0000000 -2.4142136 -3.8284271
1.0000000 2.4142136 -3.8284271
2.4142136 3.8284271 1.0000000
-2.4142136 3.8284271 1.0000000
-2.4142136 -3.8284271 1.0000000
-2.4142136 -3.8284271 -1.0000000
-2.4142136 3.8284271 -1.0000000
2.4142136 -3.8284271 1.0000000
2.4142136 -3.8284271 -1.0000000
2.4142136 3.8284271 -1.0000000
3.8284271 1.0000000 2.4142136
-3.8284271 1.0000000 2.4142136
-3.8284271 -1.0000000 2.4142136
-3.8284271 -1.0000000 -2.4142136
-3.8284271 1.0000000 -2.4142136
3.8284271 -1.0000000 2.4142136
3.8284271 -1.0000000 -2.4142136
3.8284271 1.0000000 -2.4142136
1.0000000 3.8284271 2.4142136
-1.0000000 3.8284271 2.4142136
-1.0000000 -3.8284271 2.4142136
-1.0000000 -3.8284271 -2.4142136
-1.0000000 3.8284271 -2.4142136
1.0000000 -3.8284271 2.4142136
1.0000000 -3.8284271 -2.4142136
1.0000000 3.8284271 -2.4142136
3.8284271 2.4142136 1.0000000
-3.8284271 2.4142136 1.0000000
-3.8284271 -2.4142136 1.0000000
-3.8284271 -2.4142136 -1.0000000
-3.8284271 2.4142136 -1.0000000
3.8284271 -2.4142136 1.0000000
3.8284271 -2.4142136 -1.0000000
3.8284271 2.4142136 -1.0000000
2.4142136 1.0000000 3.8284271
-2.4142136 1.0000000 3.8284271
-2.4142136 -1.0000000 3.8284271
-2.4142136 -1.0000000 -3.8284271
-2.4142136 1.0000000 -3.8284271
2.4142136 -1.0000000 3.8284271
2.4142136 -1.0000000 -3.8284271
2.4142136 1.0000000 -3.8284271
