0.0000000 0.0000000 3.2360680
0.0000000 0.0000000 -3.2360680
0.0000000 3.2360680 0.0000000
0.0000000 -3.2360680 0.0000000
3.2360680 0.0000000 0.0000000
-3.2360680 0.0000000 0.0000000
1.0000000 1.6180340 2.6180340
-1.0000000 1.6180340 2.6180340
-1.0000000 -1.6180340 2.6180340
-1.0000000 -1.6180340 -2.6180340
-1.0000000 1.6180340 -2.6180340
1.0000000 -1.6180340 2.6180340
1.0000000 -1.6180340 -2.6180340
1.0000000 1.6180340 -2.6180340
1.6180340 2.6180340 1.0000000
-1.6180340 2.6180340 1.0000000
-1.6180340 -2.6180340 1.0000000
-1.6180340 -2.6180340 -1.0000000
-1.6180340 2.6180340 -1.0000000
1.6180340 -2.6180340 1.0000000
1.6180340 -2.6180340 -1.0000000
1.6180340 2.6180340 -1.0000000
2.6180340 1.0000000 1.6180340
-2.6180340 1.0000000 1.6180340
-2.6180340 -1.0000000 1.6180340
-2.6180340 -1.0000000 -1.6180340
-2.6180340 1.0000000 -1.6180340
2.6180340 -1.0000000 1.6180340
2.6180340 -1.0000000 -1.6180340
2.6180340 1.0000000 -1.6180340
