1.0000000 1.0000000 4.2360680
-1.0000000 1.0000000 4.2360680
-1.0000000 -1.0000000 4.2360680
-1.0000000 -1.0000000 -4.2360680
-1.0000000 1.0000000 -4.2360680
1.0000000 -1.0000000 4.2360680
1.0000000 -1.0000000 -4.2360680
1.0000000 1.0000000 -4.2360680
1.0000000 4.2360680 1.0000000
-1.0000000 4.2360680 1.0000000
-1.0000000 -4.2360680 1.0000000
-1.0000000 -4.2360680 -1.0000000
-1.0000000 4.2360680 -1.0000000
1.0000000 -4.2360680 1.0000000
1.0000000 -4.2360680 -1.0000000
1.0000000 4.2360680 -1.0000000
4.2360680 1.0000000 1.0000000
-4.2360680 1.0000000 1.0000000
-4.2360680 -1.0000000 1.0000000
-4.2360680 -1.0000000 -1.0000000
-4.2360680 1.0000000 -1.0000000
4.2360680 -1.0000000 1.0000000
4.2360680 -1.0000000 -1.0000000
4.2360680 1.0000000 -1.0000000
1.6180340 3.2360680 2.6180340
-1.6180340 3.2360680 2.6180340
-1.6180340 -3.2360680 2.6180340
-1.6180340 -3.2360680 -2.6180340
-1.6180340 3.2360680 -2.6180340
1.6180340 -3.2360680 2.6180340
1.6180340 -3.2360680 -2.6180340
1.6180340 3.2360680 -2.6180340
3.2360680 2.6180340 1.6180340
-3.2360680 2.6180340 1.6180340
-3.2360680 -2.6180340 1.6180340
-3.2360680 -2.6180340 -1.6180340
-3.2360680 2.6180340 -1.6180340
3.2360680 -2.6180340 1.6180340
3.2360680 -2.6180340 -1.6180340
3.2360680 2.6180340 -1.6180340
2.6180340 1.6180340 3.2360680
-2.6180340 1.6180340 3.2360680
-2.6180340 -1.6180340 3.2360680
-2.6180340 -1.6180340 -3.2360680
-2.6180340 1.6180340 -3.2360680
2.6180340 -1.6180340 3.2360680
2.6180340 -1.6180340 -3.2360680
2.6180340 1.6180340 -3.2360680
3.6180340 0.0000000 2.6180340
-3.6180340 0.0000000 2.6180340
-3.6180340 0.0000000 -2.6180340
3.6180340 0.0000000 -2.6180340
0.0000000 2.6180340 3.6180340
0.0000000 -2.6180340 3.6180340
0.0000000 -2.6180340 -3.6180340
0.0000000 2.6180340 -3.6180340
2.6180340 3.6180340 0.0000000
-2.6180340 3.6180340 0.0000000
-2.6180340 -3.6180340 0.0000000
2.6180340 -3.6180340 0.0000000
