2.4142136 1.0000000 1.0000000
-2.4142136 1.0000000 1.0000000
-2.4142136 -1.0000000 1.0000000
-2.4142136 -1.0000000 -1.0000000
-2.4142136 1.0000000 -1.0000000
2.4142136 -1.0000000 1.0000000
2.4142136 -1.0000000 -1.0000000
2.4142136 1.0000000 -1.0000000
1.0000000 1.0000000 2.4142136
-1.0000000 1.0000000 2.4142136
-1.0000000 -1.0000000 2.4142136
-1.0000000 -1.0000000 -2.4142136
-1.0000000 1.0000000 -2.4142136
1.0000000 -1.0000000 2.4142136
1.0000000 -1.0000000 -2.4142136
1.0000000 1.0000000 -2.4142136
1.0000000 2.4142136 1.0000000
-1.0000000 2.4142136 1.0000000
-1.0000000 -2.4142136 1.0000000
-1.0000000 -2.4142136 -1.0000000
-1.0000000 2.4142136 -1.0000000
1.0000000 -2.4142136 1.0000000
1.0000000 -2.4142136 -1.0000000
1.0000000 2.4142136 -1.0000000
