-1.0000000 -1.8392868 -0.5436890
-1.8392868 -0.5436890 -1.0000000
-0.5436890 -1.0000000 -1.8392868
1.0000000 1.8392868 -0.5436890
1.8392868 -0.5436890 1.0000000
-0.5436890 1.0000000 1.8392868
1.0000000 -1.8392868 0.5436890
-1.8392868 0.5436890 1.0000000
0.5436890 1.0000000 -1.8392868
-1.0000000 1.8392868 0.5436890
1.8392868 0.5436890 -1.0000000
0.5436890 -1.0000000 1.8392868
-1.0000000 -0.5436890 1.8392868
-0.5436890 1.8392868 -1.0000000
1.8392868 -1.0000000 -0.5436890
1.0000000 0.5436890 1.8392868
0.5436890 1.8392868 1.0000000
1.8392868 1.0000000 0.5436890
1.0000000 -0.5436890 -1.8392868
-0.5436890 -1.8392868 1.0000000
-1.8392868 1.0000000 -0.5436890
-1.0000000 0.5436890 -1.8392868
0.5436890 -1.8392868 -1.0000000
-1.8392868 -1.0000000 0.5436890
