-2.2653239 -2.0000000 -12.6740441
-2.0000000 -12.6740441 -2.2653239
-12.6740441 -2.2653239 -2.0000000
2.2653239 2.0000000 -12.6740441
2.0000000 -12.6740441 2.2653239
-12.6740441 2.2653239 2.0000000
2.2653239 -2.0000000 12.6740441
-2.0000000 12.6740441 2.2653239
12.6740441 2.2653239 -2.0000000
-2.2653239 2.0000000 12.6740441
2.0000000 12.6740441 -2.2653239
12.6740441 -2.2653239 2.0000000
-6.6671910 -5.1223705 -9.9535407
-5.1223705 -9.9535407 -6.6671910
-9.9535407 -6.6671910 -5.1223705
6.6671910 5.1223705 -9.9535407
5.1223705 -9.9535407 6.6671910
-9.9535407 6.6671910 5.1223705
6.6671910 -5.1223705 9.9535407
-5.1223705 9.9535407 6.6671910
9.9535407 6.6671910 -5.1223705
-6.6671910 5.1223705 9.9535407
5.1223705 9.9535407 -6.6671910
9.9535407 -6.6671910 5.1223705
-10.5534935 -1.1657991 -7.5516736
-1.1657991 -7.5516736 -10.5534935
-7.5516736 -10.5534935 -1.1657991
10.5534935 1.1657991 -7.5516736
1.1657991 -7.5516736 10.5534935
-7.5516736 10.5534935 1.1657991
10.5534935 -1.1657991 7.5516736
-1.1657991 7.5516736 10.5534935
7.5516736 10.5534935 -1.1657991
-10.5534935 1.1657991 7.5516736
1.1657991 7.5516736 -10.5534935
7.5516736 -10.5534935 1.1657991
-8.5534935 4.4018670 -8.7877416
4.4018670 -8.7877416 -8.5534935
-8.7877416 -8.5534935 4.4018670
8.5534935 -4.4018670 -8.7877416
-4.4018670 -8.7877416 8.5534935
-8.7877416 8.5534935 -4.4018670
8.5534935 4.4018670 8.7877416
4.4018670 8.7877416 8.5534935
8.7877416 8.5534935 4.4018670
-8.5534935 -4.4018670 8.7877416
-4.4018670 8.7877416 -8.5534935
8.7877416 -8.5534935 -4.4018670
-3.4311230 3.8863025 -11.9535407
3.8863025 -11.9535407 -3.4311230
-11.9535407 -3.4311230 3.8863025
3.4311230 -3.8863025 -11.9535407
-3.8863025 -11.9535407 3.4311230
-11.9535407 3.4311230 -3.8863025
3.4311230 3.8863025 11.9535407
3.8863025 11.9535407 3.4311230
11.9535407 3.4311230 3.8863025
-3.4311230 -3.8863025 11.9535407
-3.8863025 11.9535407 -3.4311230
11.9535407 -3.4311230 -3.8863025
