0.0000000 0.6180340 3.6180340
0.0000000 -0.6180340 3.6180340
0.0000000 -0.6180340 -3.6180340
0.0000000 0.6180340 -3.6180340
0.6180340 3.6180340 0.0000000
-0.6180340 3.6180340 0.0000000
-0.6180340 -3.6180340 0.0000000
0.6180340 -3.6180340 0.0000000
3.6180340 0.0000000 0.6180340
-3.6180340 0.0000000 0.6180340
-3.6180340 0.0000000 -0.6180340
3.6180340 0.0000000 -0.6180340
0.6180340 1.6180340 3.2360680
-0.6180340 1.6180340 3.2360680
-0.6180340 -1.6180340 3.2360680
-0.6180340 -1.6180340 -3.2360680
-0.6180340 1.6180340 -3.2360680
0.6180340 -1.6180340 3.2360680
0.6180340 -1.6180340 -3.2360680
0.6180340 1.6180340 -3.2360680
1.6180340 3.2360680 0.6180340
-1.6180340 3.2360680 0.6180340
-1.6180340 -3.2360680 0.6180340
-1.6180340 -3.2360680 -0.6180340
-1.6180340 3.2360680 -0.6180340
1.6180340 -3.2360680 0.6180340
1.6180340 -3.2360680 -0.6180340
1.6180340 3.2360680 -0.6180340
3.2360680 0.6180340 1.6180340
-3.2360680 0.6180340 1.6180340
-3.2360680 -0.6180340 1.6180340
-3.2360680 -0.6180340 -1.6180340
-3.2360680 0.6180340 -1.6180340
3.2360680 -0.6180340 1.6180340
3.2360680 -0.6180340 -1.6180340
3.2360680 0.6180340 -1.6180340
1.6180340 2.0000000 2.6180340
-1.6180340 2.0000000 2.6180340
-1.6180340 -2.0000000 2.6180340
-1.6180340 -2.0000000 -2.6180340
-1.6180340 2.0000000 -2.6180340
1.6180340 -2.0000000 2.6180340
1.6180340 -2.0000000 -2.6180340
1.6180340 2.0000000 -2.6180340
2.0000000 2.6180340 1.6180340
-2.0000000 2.6180340 1.6180340
-2.0000000 -2.6180340 1.6180340
-2.0000000 -2.6180340 -1.6180340
-2.0000000 2.6180340 -1.6180340
2.0000000 -2.6180340 1.6180340
2.0000000 -2.6180340 -1.6180340
2.0000000 2.6180340 -1.6180340
2.6180340 1.6180340 2.0000000
-2.6180340 1.6180340 2.0000000
-2.6180340 -1.6180340 2.0000000
-2.6180340 -1.6180340 -2.0000000
-2.6180340 1.6180340 -2.0000000
2.6180340 -1.6180340 2.0000000
2.6180340 -1.6180340 -2.0000000
2.6180340 1.6180340 -2.0000000
