0.0000000 1.0000000 4.8541020
0.0000000 -1.0000000 4.8541020
0.0000000 -1.0000000 -4.8541020
0.0000000 1.0000000 -4.8541020
1.0000000 4.8541020 0.0000000
-1.0000000 4.8541020 0.0000000
-1.0000000 -4.8541020 0.0000000
1.0000000 -4.8541020 0.0000000
4.8541020 0.0000000 1.0000000
-4.8541020 0.0000000 1.0000000
-4.8541020 0.0000000 -1.0000000
4.8541020 0.0000000 -1.0000000
2.0000000 4.2360680 1.6180340
-2.0000000 4.2360680 1.6180340
-2.0000000 -4.2360680 1.6180340
-2.0000000 -4.2360680 -1.6180340
-2.0000000 4.2360680 -1.6180340
2.0000000 -4.2360680 1.6180340
2.0000000 -4.2360680 -1.6180340
2.0000000 4.2360680 -1.6180340
4.2360680 1.6180340 2.0000000
-4.2360680 1.6180340 2.0000000
-4.2360680 -1.6180340 2.0000000
-4.2360680 -1.6180340 -2.0000000
-4.2360680 1.6180340 -2.0000000
4.2360680 -1.6180340 2.0000000
4.2360680 -1.6180340 -2.0000000
4.2360680 1.6180340 -2.0000000
1.6180340 2.0000000 4.2360680
-1.6180340 2.0000000 4.2360680
-1.6180340 -2.0000000 4.2360680
-1.6180340 -2.0000000 -4.2360680
-1.6180340 2.0000000 -4.2360680
1.6180340 -2.0000000 4.2360680
1.6180340 -2.0000000 -4.2360680
1.6180340 2.0000000 -4.2360680
1.0000000 3.6180340 3.2360680
-1.0000000 3.6180340 3.2360680
-1.0000000 -3.6180340 3.2360680
-1.0000000 -3.6180340 -3.2360680
-1.0000000 3.6180340 -3.2360680
1.0000000 -3.6180340 3.2360680
1.0000000 -3.6180340 -3.2360680
1.0000000 3.6180340 -3.2360680
3.6180340 3.2360680 1.0000000
-3.6180340 3.2360680 1.0000000
-3.6180340 -3.2360680 1.0000000
-3.6180340 -3.2360680 -1.0000000
-3.6180340 3.2360680 -1.0000000
3.6180340 -3.2360680 1.0000000
3.6180340 -3.2360680 -1.0000000
3.6180340 3.2360680 -1.0000000
3.2360680 1.0000000 3.6180340
-3.2360680 1.0000000 3.6180340
-3.2360680 -1.0000000 3.6180340
-3.2360680 -1.0000000 -3.6180340
-3.2360680 1.0000000 -3.6180340
3.2360680 -1.0000000 3.6180340
3.2360680 -1.0000000 -3.6180340
3.2360680 1.0000000 -3.6180340
