0.0000000 1.0000000 0.3826834
0.0000000 1.0000000 -0.3826834
0.7071068 0.7071068 0.3826834
0.7071068 0.7071068 -0.3826834
1.0000000 0.0000000 0.3826834
1.0000000 0.0000000 -0.3826834
0.7071068 -0.7071068 0.3826834
0.7071068 -0.7071068 -0.3826834
0.0000000 -1.0000000 0.3826834
0.0000000 -1.0000000 -0.3826834
-0.7071068 -0.7071068 0.3826834
-0.7071068 -0.7071068 -0.3826834
-1.0000000 -0.0000000 0.3826834
-1.0000000 -0.0000000 -0.3826834
-0.7071068 0.7071068 0.3826834
-0.7071068 0.7071068 -0.3826834
