0.0000000 1.0000000 0.3420201
0.0000000 1.0000000 -0.3420201
0.6427876 0.7660444 0.3420201
0.6427876 0.7660444 -0.3420201
0.9848078 0.1736482 0.3420201
0.9848078 0.1736482 -0.3420201
0.8660254 -0.5000000 0.3420201
0.8660254 -0.5000000 -0.3420201
0.3420201 -0.9396926 0.3420201
0.3420201 -0.9396926 -0.3420201
-0.3420201 -0.9396926 0.3420201
-0.3420201 -0.9396926 -0.3420201
-0.8660254 -0.5000000 0.3420201
-0.8660254 -0.5000000 -0.3420201
-0.9848078 0.1736482 0.3420201
-0.9848078 0.1736482 -0.3420201
-0.6427876 0.7660444 0.3420201
-0.6427876 0.7660444 -0.3420201
