        1111    
       111111   
      1111771   
      1113731   
   1111113771   
  13333111371   
  11333337111   
 1113333337     
177113311111    
171111111771111 
1111111117711771
  11111117131771
  1111311133171 
   31111111111  
   1313131      
  1111311       
  11113113      
  111111113     
   177711771    
   1777117771   
   17711 17711  
   1171   1171  
  13111   1111  
 11331    1331  
11331     1331  
1331      1331  
1331       131  
1331      133311
13331     133331
11111     111111
