4 1111111111177 4
      11177      
4     11177     4
      11177      
4     11177     4
  1111111111177  
4               4
  1111111111177  
4 111177 111177 4
  111177 111177  
4 111177 111177 4
  1111111111177  
4               4
  1111111111177  
4 1177          4
  1177           
4 1177          4
  1111111111177  
4               4
  1111111111177  
4 1177          4
  1177           
4 1177          4
  1111111111177  
4               4
  1111111111177  
4 1177          4
  1177           
4 1177          4
  1111111111177  
4               4
