                 
                 
                 
      4444444    
     444444444   
   444444444444  
  44433334444444 
 444333333444444 
 4433333333344444
 4433333333334444
 4433333333333344
 4433333333333344
44433443333443344
43344774444774444
43334774334774344
43333443333443344
43333333343333344
4333333444333334 
 43343333333434  
  4334444444334  
  443344444334   
  43433333334    
 44334334334     
444433444444     
4447433444444    
444774333334444  
44447433333444444
44447743334744444
44444774447744444
44444774744744444
44444447774744444
44444447774774444
44444447774774444
