    44444 4444   
   444444444444  
   4444444444444 
  44444444444444 
  444444444444444
 4444444444444444
44444444443333444
44444444433333344
44333333333333344
44333333333333344
44333333333333344
4433   3333   334
 43 333 33 333 34
 3337 733 37 7333
 33333333 3333333
 3333333333333333
 333333 33 333333
  333333  333333 
  3333 3333 3333 
  33333    33333 
   33 33  33 33  
    3 333333 3 44
   4 3 3333 3 344
   43        3344
 4444333333333444
44444333333333444
44444333333334444
44444333333344444
44444433333444444
