      77777     
    7777773     
   77777733     
   77777777777  
   111331333    
  133133113333  
  1331133333333 
 11331133313333 
 1133333111111  
 1113333311111  
   1133333333   
     11133      
    7777117   3 
   111177117 333
  11111177171333
 111111177117333
 111111177117131
 11111177711711 
11111177737131  
1111777777777   
3333377777777   
3333377777777  1
3333777777777 11
 333777777711111
   7177777711111
  17717777711111
1117771177711111
11117777   11111
111117          
 111            
 111            
  111           
