66666666666666666
66666666666666666
66666666666666666
66666666666666666
66666666     6666
6666666 55555 66 
666 66 555555 6 5
66  66 55555    5
6 7 66 55555555 5
6 7 666 5555555 5
6 7 6666   555555
6 7 666 777   555
6 77 66 77 777 55
 777 66  7 777 55
 777 6   7   7 55
 7777 555    7 55
 7777  555   7 55
 77777 5555   555
 777777 555555555
6 777777 55555555
  7777777 55555 5
  7777777 5555 7 
 5 7777  5555 77 
 55    55555 7 7 
 5555555555 777  
 555555555 7 7 7 
6 555555  777 77 
66      7 7  7  5
666666 777 7777 5
6666666   7 77 55
66666666 777  555
666666666   55555
