       11       
     113311     
    12111121    
    23211232    
   1223223221   
   12 2222 21   
   111 22 111   
 333 11  11 333 
3333321  1233333
3333312112133333
 23311311311332 
 33113113111133 
 3 2111111112 3 
11  21122112  11
32232 233223  33
  2232 3333 1333
 2 2222333311113
  2 2  33331 11 
   2  2  33  11 
    223  33311  
    33    33    
    33    33    
   133    331   
   31      13   
  333      333  
  333      333  
  333      333  
 1131      1311 
 2221      1222 
11112      21111
11111      11111
 111        111 
