0.0000000 0.0000000 0.2165424
0.0000000 0.0786893 0.2060113
0.1236068 0.0000000 0.2000000
-0.1236068 -0.0000000 0.2000000
-0.0000000 -0.0786893 0.2060113
0.0000000 0.0000000 -0.2165424
-0.1236068 0.0000000 -0.2000000
0.0000000 -0.0786893 -0.2060113
-0.0000000 0.0786893 -0.2060113
0.1236068 0.0000000 -0.2000000
0.0000000 0.2165424 0.0000000
0.0000000 0.2000000 0.1236068
0.0786893 0.2060113 0.0000000
-0.0786893 0.2060113 0.0000000
0.0000000 -0.2165424 0.0000000
-0.0786893 -0.2060113 -0.0000000
0.0000000 -0.2000000 0.1236068
0.0000000 -0.2000000 -0.1236068
0.0000000 0.2000000 -0.1236068
0.0786893 -0.2060113 0.0000000
0.2165424 0.0000000 0.0000000
0.2060113 0.0000000 0.0786893
0.2000000 0.1236068 0.0000000
-0.2165424 -0.0000000 -0.0000000
-0.2060113 0.0000000 0.0786893
-0.2000000 0.1236068 -0.0000000
-0.2000000 -0.1236068 -0.0000000
-0.2060113 0.0000000 -0.0786893
0.2000000 -0.1236068 -0.0000000
0.2060113 -0.0000000 -0.0786893
0.0669153 0.1082712 0.1751865
-0.0669153 0.1082712 0.1751865
-0.0669153 -0.1082712 0.1751865
-0.0669153 -0.1082712 -0.1751865
-0.0669153 0.1082712 -0.1751865
0.0669153 -0.1082712 0.1751865
0.0669153 -0.1082712 -0.1751865
0.0669153 0.1082712 -0.1751865
0.1082712 0.1751865 0.0669153
-0.1082712 0.1751865 0.0669153
-0.1082712 -0.1751865 0.0669153
-0.1082712 -0.1751865 -0.0669153
-0.1082712 0.1751865 -0.0669153
0.1082712 -0.1751865 0.0669153
0.1082712 -0.1751865 -0.0669153
0.1082712 0.1751865 -0.0669153
0.1751865 0.0669153 0.1082712
-0.1751865 0.0669153 0.1082712
-0.1751865 -0.0669153 0.1082712
-0.1751865 -0.0669153 -0.1082712
-0.1751865 0.0669153 -0.1082712
0.1751865 -0.0669153 0.1082712
0.1751865 -0.0669153 -0.1082712
0.1751865 0.0669153 -0.1082712
0.1273220 0.1273220 0.1273220
-0.1273220 0.1273220 0.1273220
-0.1273220 -0.1273220 0.1273220
-0.1273220 -0.1273220 -0.1273220
-0.1273220 0.1273220 -0.1273220
0.1273220 -0.1273220 0.1273220
0.1273220 -0.1273220 -0.1273220
0.1273220 0.1273220 -0.1273220
