0.0000000 0.1601886 0.1601886
0.0000000 0.0000000 0.2612039
0.1380712 0.1380712 0.1380712
-0.1380712 0.1380712 0.1380712
-0.0000000 -0.1601886 0.1601886
-0.1380712 -0.1380712 0.1380712
0.0000000 -0.1601886 -0.1601886
-0.0000000 0.0000000 -0.2612039
-0.1380712 -0.1380712 -0.1380712
-0.0000000 0.1601886 -0.1601886
-0.1380712 0.1380712 -0.1380712
0.1380712 -0.1380712 0.1380712
0.1380712 -0.1380712 -0.1380712
0.1380712 0.1380712 -0.1380712
0.0000000 0.2612039 0.0000000
0.1601886 0.1601886 0.0000000
-0.1601886 0.1601886 0.0000000
0.0000000 -0.2612039 0.0000000
-0.1601886 -0.1601886 -0.0000000
0.1601886 -0.1601886 0.0000000
0.2612039 0.0000000 0.0000000
0.1601886 0.0000000 0.1601886
-0.2612039 -0.0000000 -0.0000000
-0.1601886 0.0000000 0.1601886
-0.1601886 0.0000000 -0.1601886
0.1601886 -0.0000000 -0.1601886
