0.0000000 0.1180340 0.3090170
0.1909830 -0.0000000 0.3090170
-0.1909830 0.0000000 0.3090170
0.0000000 -0.1180340 0.3090170
-0.1909830 0.0000000 -0.3090170
-0.0000000 -0.1180340 -0.3090170
0.0000000 0.1180340 -0.3090170
0.1909830 -0.0000000 -0.3090170
-0.0000000 0.3090170 0.1909830
0.1180340 0.3090170 0.0000000
-0.1180340 0.3090170 -0.0000000
-0.0000000 0.3090170 -0.1909830
-0.1180340 -0.3090170 0.0000000
-0.0000000 -0.3090170 0.1909830
0.0000000 -0.3090170 -0.1909830
0.1180340 -0.3090170 -0.0000000
0.3090170 0.0000000 0.1180340
0.3090170 0.1909830 -0.0000000
0.3090170 -0.1909830 0.0000000
0.3090170 0.0000000 -0.1180340
-0.3090170 -0.0000000 0.1180340
-0.3090170 0.1909830 0.0000000
-0.3090170 -0.1909830 -0.0000000
-0.3090170 -0.0000000 -0.1180340
0.1909830 0.1909830 0.1909830
-0.1909830 0.1909830 0.1909830
-0.1909830 -0.1909830 0.1909830
-0.1909830 -0.1909830 -0.1909830
-0.1909830 0.1909830 -0.1909830
0.1909830 -0.1909830 0.1909830
0.1909830 -0.1909830 -0.1909830
0.1909830 0.1909830 -0.1909830
