0.0000000 0.0000000 0.2360680
0.0000000 0.0827118 0.2165424
0.1273220 0.0000000 0.2060113
0.0729490 0.1180340 0.1909830
-0.1273220 -0.0000000 0.2060113
-0.0729490 0.1180340 0.1909830
-0.0000000 -0.0827118 0.2165424
-0.0729490 -0.1180340 0.1909830
0.0000000 0.0000000 -0.2360680
-0.1273220 0.0000000 -0.2060113
0.0000000 -0.0827118 -0.2165424
-0.0729490 -0.1180340 -0.1909830
-0.0000000 0.0827118 -0.2165424
-0.0729490 0.1180340 -0.1909830
0.0729490 -0.1180340 0.1909830
0.1273220 0.0000000 -0.2060113
0.0729490 -0.1180340 -0.1909830
0.0729490 0.1180340 -0.1909830
0.0000000 0.2360680 0.0000000
0.0000000 0.2060113 0.1273220
0.0827118 0.2165424 0.0000000
0.1180340 0.1909830 0.0729490
-0.0827118 0.2165424 0.0000000
-0.1180340 0.1909830 0.0729490
0.0000000 -0.2360680 0.0000000
-0.0827118 -0.2165424 -0.0000000
0.0000000 -0.2060113 0.1273220
-0.1180340 -0.1909830 0.0729490
0.0000000 -0.2060113 -0.1273220
-0.1180340 -0.1909830 -0.0729490
0.0000000 0.2060113 -0.1273220
-0.1180340 0.1909830 -0.0729490
0.0827118 -0.2165424 0.0000000
0.1180340 -0.1909830 0.0729490
0.1180340 -0.1909830 -0.0729490
0.1180340 0.1909830 -0.0729490
0.2360680 0.0000000 0.0000000
0.2165424 0.0000000 0.0827118
0.2060113 0.1273220 0.0000000
0.1909830 0.0729490 0.1180340
-0.2360680 -0.0000000 -0.0000000
-0.2165424 0.0000000 0.0827118
-0.2060113 0.1273220 -0.0000000
-0.1909830 0.0729490 0.1180340
-0.2060113 -0.1273220 -0.0000000
-0.1909830 -0.0729490 0.1180340
-0.2165424 0.0000000 -0.0827118
-0.1909830 -0.0729490 -0.1180340
-0.1909830 0.0729490 -0.1180340
0.2060113 -0.1273220 -0.0000000
0.1909830 -0.0729490 0.1180340
0.2165424 -0.0000000 -0.0827118
0.1909830 -0.0729490 -0.1180340
0.1909830 0.0729490 -0.1180340
0.1338305 0.1338305 0.1338305
-0.1338305 0.1338305 0.1338305
-0.1338305 -0.1338305 0.1338305
-0.1338305 -0.1338305 -0.1338305
-0.1338305 0.1338305 -0.1338305
0.1338305 -0.1338305 0.1338305
0.1338305 -0.1338305 -0.1338305
0.1338305 0.1338305 -0.1338305
