0.4142136 0.0000000 0.0000000
0.2928932 0.0000000 0.2928932
0.2928932 0.2928932 0.0000000
0.2265409 0.2265409 0.2265409
-0.4142136 -0.0000000 -0.0000000
-0.2928932 0.0000000 0.2928932
-0.2928932 0.2928932 -0.0000000
-0.2265409 0.2265409 0.2265409
-0.2928932 -0.2928932 -0.0000000
-0.2265409 -0.2265409 0.2265409
-0.2928932 0.0000000 -0.2928932
-0.2265409 -0.2265409 -0.2265409
-0.2265409 0.2265409 -0.2265409
0.2928932 -0.2928932 -0.0000000
0.2265409 -0.2265409 0.2265409
0.2928932 -0.0000000 -0.2928932
0.2265409 -0.2265409 -0.2265409
0.2265409 0.2265409 -0.2265409
0.0000000 0.0000000 0.4142136
0.0000000 0.2928932 0.2928932
-0.0000000 -0.2928932 0.2928932
0.0000000 0.0000000 -0.4142136
0.0000000 -0.2928932 -0.2928932
-0.0000000 0.2928932 -0.2928932
0.0000000 0.4142136 0.0000000
0.0000000 -0.4142136 0.0000000
