-0.2955977 -0.2955977 -0.2955977
-0.4088045 -0.2955977 -0.0873780
-0.0873780 -0.4088045 -0.2955977
0.0000000 -0.5436890 -0.0000000
-0.2955977 -0.4088045 0.0873780
-0.2955977 -0.0873780 -0.4088045
-0.4088045 0.0873780 -0.2955977
-0.5436890 -0.0000000 0.0000000
-0.0000000 0.0000000 -0.5436890
0.0873780 -0.2955977 -0.4088045
0.2955977 0.2955977 -0.2955977
0.0873780 0.4088045 -0.2955977
0.4088045 0.2955977 -0.0873780
0.0000000 0.5436890 0.0000000
0.2955977 0.4088045 0.0873780
0.2955977 -0.2955977 0.2955977
0.4088045 -0.2955977 0.0873780
0.2955977 -0.0873780 0.4088045
0.5436890 0.0000000 0.0000000
0.4088045 0.0873780 0.2955977
-0.2955977 0.2955977 0.2955977
-0.2955977 0.0873780 0.4088045
-0.0873780 0.4088045 0.2955977
0.0000000 0.0000000 0.5436890
0.0873780 0.2955977 0.4088045
0.0873780 -0.4088045 0.2955977
0.2955977 -0.4088045 -0.0873780
-0.4088045 0.2955977 0.0873780
-0.4088045 -0.0873780 0.2955977
0.2955977 0.0873780 -0.4088045
-0.0873780 0.2955977 -0.4088045
-0.2955977 0.4088045 -0.0873780
0.4088045 -0.0873780 -0.2955977
-0.0873780 -0.2955977 0.4088045
-0.2955977 -0.2955977 0.2955977
-0.2955977 0.2955977 -0.2955977
0.2955977 -0.2955977 -0.2955977
0.2955977 0.2955977 0.2955977
