-0.0072576 0.0082204 -0.0789014
0.0072576 -0.0082204 -0.0789014
-0.0213602 -0.0310389 -0.0701855
-0.0439129 -0.0000000 -0.0710525
-0.0000000 -0.0284244 -0.0744160
0.0082204 -0.0789014 -0.0072576
-0.0082204 -0.0789014 0.0072576
-0.0310389 -0.0701855 -0.0213602
-0.0000000 -0.0710525 -0.0439129
-0.0284244 -0.0744160 -0.0000000
-0.0789014 -0.0072576 0.0082204
-0.0789014 0.0072576 -0.0082204
-0.0701855 -0.0213602 -0.0310389
-0.0710525 -0.0439129 -0.0000000
-0.0744160 -0.0000000 -0.0284244
0.0213602 0.0310389 -0.0701855
0.0439129 0.0000000 -0.0710525
0.0000000 0.0284244 -0.0744160
0.0310389 -0.0701855 0.0213602
0.0000000 -0.0710525 0.0439129
0.0284244 -0.0744160 0.0000000
-0.0701855 0.0213602 0.0310389
-0.0710525 0.0439129 0.0000000
-0.0744160 0.0000000 0.0284244
0.0072576 0.0082204 0.0789014
-0.0072576 -0.0082204 0.0789014
0.0213602 -0.0310389 0.0701855
0.0439129 -0.0000000 0.0710525
0.0000000 -0.0284244 0.0744160
0.0082204 0.0789014 0.0072576
-0.0082204 0.0789014 -0.0072576
-0.0310389 0.0701855 0.0213602
-0.0000000 0.0710525 0.0439129
-0.0284244 0.0744160 0.0000000
0.0789014 0.0072576 0.0082204
0.0789014 -0.0072576 -0.0082204
0.0701855 0.0213602 -0.0310389
0.0710525 0.0439129 -0.0000000
0.0744160 0.0000000 -0.0284244
-0.0213602 0.0310389 0.0701855
-0.0439129 0.0000000 0.0710525
-0.0000000 0.0284244 0.0744160
0.0310389 0.0701855 -0.0213602
0.0000000 0.0710525 -0.0439129
0.0284244 0.0744160 -0.0000000
0.0701855 -0.0213602 0.0310389
0.0710525 -0.0439129 0.0000000
0.0744160 -0.0000000 0.0284244
-0.0459916 -0.0459916 -0.0459916
-0.0274035 -0.0478625 -0.0574797
-0.0574797 -0.0274035 -0.0478625
-0.0478625 -0.0574797 -0.0274035
0.0459916 0.0459916 -0.0459916
0.0574797 0.0274035 -0.0478625
0.0274035 0.0478625 -0.0574797
0.0459916 -0.0459916 0.0459916
0.0274035 -0.0478625 0.0574797
0.0478625 -0.0574797 0.0274035
-0.0459916 0.0459916 0.0459916
-0.0478625 0.0574797 0.0274035
-0.0574797 0.0274035 0.0478625
0.0574797 -0.0274035 0.0478625
-0.0274035 0.0478625 0.0574797
0.0478625 0.0574797 -0.0274035
-0.0657001 0.0141026 -0.0427820
0.0141026 -0.0427820 -0.0657001
-0.0427820 -0.0657001 0.0141026
0.0657001 -0.0141026 -0.0427820
-0.0141026 -0.0427820 0.0657001
-0.0427820 0.0657001 -0.0141026
0.0657001 0.0141026 0.0427820
0.0141026 0.0427820 0.0657001
0.0427820 0.0657001 0.0141026
-0.0657001 -0.0141026 0.0427820
-0.0141026 0.0427820 -0.0657001
0.0427820 -0.0657001 -0.0141026
-0.0459916 0.0459916 -0.0459916
-0.0619651 0.0346611 -0.0361194
-0.0346611 0.0361194 -0.0619651
0.0459916 -0.0459916 -0.0459916
0.0346611 -0.0361194 -0.0619651
0.0361194 -0.0619651 -0.0346611
-0.0459916 -0.0459916 0.0459916
-0.0361194 -0.0619651 0.0346611
-0.0619651 -0.0346611 0.0361194
0.0619651 -0.0346611 -0.0361194
-0.0346611 -0.0361194 0.0619651
-0.0361194 0.0619651 -0.0346611
0.0459916 0.0459916 0.0459916
0.0346611 0.0361194 0.0619651
0.0619651 0.0346611 0.0361194
0.0361194 0.0619651 0.0346611
