0.1708204 0.0000000 0.2763932
-0.1708204 -0.0000000 0.2763932
0.0000000 0.0991064 0.2594638
0.0000000 -0.0991064 0.2594638
-0.1708204 0.0000000 -0.2763932
0.1708204 0.0000000 -0.2763932
-0.0000000 -0.0991064 -0.2594638
0.0000000 0.0991064 -0.2594638
0.0000000 0.2763932 0.1708204
-0.0000000 0.2763932 -0.1708204
0.0991064 0.2594638 0.0000000
-0.0991064 0.2594638 -0.0000000
0.0000000 -0.2763932 0.1708204
0.0000000 -0.2763932 -0.1708204
-0.0991064 -0.2594638 0.0000000
0.0991064 -0.2594638 -0.0000000
0.2763932 0.1708204 0.0000000
0.2763932 -0.1708204 -0.0000000
0.2594638 0.0000000 0.0991064
-0.2763932 0.1708204 -0.0000000
-0.2763932 -0.1708204 -0.0000000
-0.2594638 -0.0000000 0.0991064
-0.2594638 -0.0000000 -0.0991064
0.2594638 0.0000000 -0.0991064
0.1603575 0.1603575 0.1603575
-0.1603575 0.1603575 0.1603575
-0.1603575 -0.1603575 0.1603575
-0.1603575 -0.1603575 -0.1603575
-0.1603575 0.1603575 -0.1603575
0.1603575 -0.1603575 0.1603575
0.1603575 -0.1603575 -0.1603575
0.1603575 0.1603575 -0.1603575
