0.0786893 0.0000000 0.2060113
-0.0786893 -0.0000000 0.2060113
0.0000000 0.1129420 0.1827440
0.0000000 -0.1129420 0.1827440
-0.0786893 0.0000000 -0.2060113
0.0786893 0.0000000 -0.2060113
-0.0000000 -0.1129420 -0.1827440
0.0000000 0.1129420 -0.1827440
0.0000000 0.2060113 0.0786893
-0.0000000 0.2060113 -0.0786893
0.1129420 0.1827440 0.0000000
-0.1129420 0.1827440 -0.0000000
0.0000000 -0.2060113 0.0786893
0.0000000 -0.2060113 -0.0786893
-0.1129420 -0.1827440 0.0000000
0.1129420 -0.1827440 -0.0000000
0.2060113 0.0786893 0.0000000
0.2060113 -0.0786893 -0.0000000
0.1827440 0.0000000 0.1129420
-0.2060113 0.0786893 -0.0000000
-0.2060113 -0.0786893 -0.0000000
-0.1827440 -0.0000000 0.1129420
-0.1827440 -0.0000000 -0.1129420
0.1827440 0.0000000 -0.1129420
0.1273220 0.1273220 0.1273220
-0.1273220 0.1273220 0.1273220
-0.1273220 -0.1273220 0.1273220
-0.1273220 -0.1273220 -0.1273220
-0.1273220 0.1273220 -0.1273220
0.1273220 -0.1273220 0.1273220
0.1273220 -0.1273220 -0.1273220
0.1273220 0.1273220 -0.1273220
