AlWuzEre 5580
0.104638 -1.025458 0.533203 0.104591 -1.102728 0.533203
0.104591 -1.102728 0.533203 0.104591 -1.102728 0.000000
0.104638 -1.025458 0.533203 0.104591 -1.102728 0.000000
0.104638 -1.025458 0.533203 0.104591 -1.102728 0.000000
0.104591 -1.102728 0.000000 0.104638 -1.025458 0.000000
0.104638 -1.025458 0.533203 0.104638 -1.025458 0.000000
0.104591 -1.102728 0.533203 0.104638 -1.025458 0.533203
0.104638 -1.025458 0.533203 0.104638 -1.025458 0.000000
0.104591 -1.102728 0.533203 0.104638 -1.025458 0.000000
0.104591 -1.102728 0.533203 0.104638 -1.025458 0.000000
0.104638 -1.025458 0.000000 0.104591 -1.102728 0.000000
0.104591 -1.102728 0.533203 0.104591 -1.102728 0.000000
0.104844 -0.684881 0.543823 0.104812 -0.737661 0.538925
0.104812 -0.737661 0.538925 0.104877 -0.630911 0.538925
0.104844 -0.684881 0.543823 0.104877 -0.630911 0.538925
0.104877 -0.630911 0.538925 0.104812 -0.737661 0.538925
0.104812 -0.737661 0.538925 0.104783 -0.786871 0.524231
0.104877 -0.630911 0.538925 0.104783 -0.786871 0.524231
0.104877 -0.630911 0.538925 0.104783 -0.786871 0.524231
0.104783 -0.786871 0.524231 0.104907 -0.581060 0.524231
0.104877 -0.630911 0.538925 0.104907 -0.581060 0.524231
0.104907 -0.581060 0.524231 0.104783 -0.786871 0.524231
0.104783 -0.786871 0.524231 0.104755 -0.832144 0.500015
0.104907 -0.581060 0.524231 0.104755 -0.832144 0.500015
0.104907 -0.581060 0.524231 0.104755 -0.832144 0.500015
0.104755 -0.832144 0.500015 0.104935 -0.535330 0.499832
0.104907 -0.581060 0.524231 0.104935 -0.535330 0.499832
0.104935 -0.535330 0.499832 0.104755 -0.832144 0.500015
0.104755 -0.832144 0.500015 0.104730 -0.873114 0.466553
0.104935 -0.535330 0.499832 0.104730 -0.873114 0.466553
0.104935 -0.535330 0.499832 0.104730 -0.873114 0.466553
0.104730 -0.873114 0.466553 0.104844 -0.685614 0.466553
0.104935 -0.535330 0.499832 0.104844 -0.685614 0.466553
0.104844 -0.685614 0.466553 0.104730 -0.873114 0.466553
0.104730 -0.873114 0.466553 0.104801 -0.757391 0.452271
0.104844 -0.685614 0.466553 0.104801 -0.757391 0.452271
0.104801 -0.757391 0.452271 0.104730 -0.873114 0.466553
0.104730 -0.873114 0.466553 0.104709 -0.909185 0.423798
0.104801 -0.757391 0.452271 0.104709 -0.909185 0.423798
0.104801 -0.757391 0.452271 0.104709 -0.909185 0.423798
0.104709 -0.909185 0.423798 0.104764 -0.817816 0.410889
0.104801 -0.757391 0.452271 0.104764 -0.817816 0.410889
0.104764 -0.817816 0.410889 0.104709 -0.909185 0.423798
0.104709 -0.909185 0.423798 0.104693 -0.935369 0.376099
0.104764 -0.817816 0.410889 0.104693 -0.935369 0.376099
0.104764 -0.817816 0.410889 0.104693 -0.935369 0.376099
0.104693 -0.935369 0.376099 0.104738 -0.860662 0.345337
0.104764 -0.817816 0.410889 0.104738 -0.860662 0.345337
0.104738 -0.860662 0.345337 0.104693 -0.935369 0.376099
0.104693 -0.935369 0.376099 0.104683 -0.951300 0.324463
0.104738 -0.860662 0.345337 0.104683 -0.951300 0.324463
0.104738 -0.860662 0.345337 0.104683 -0.951300 0.324463
0.104683 -0.951300 0.324463 0.104680 -0.956610 0.269897
0.104738 -0.860662 0.345337 0.104680 -0.956610 0.269897
0.104738 -0.860662 0.345337 0.104680 -0.956610 0.269897
0.104680 -0.956610 0.269897 0.104729 -0.876043 0.269165
0.104738 -0.860662 0.345337 0.104729 -0.876043 0.269165
0.104729 -0.876043 0.269165 0.104680 -0.956610 0.269897
0.104680 -0.956610 0.269897 0.104737 -0.862127 0.190247
0.104729 -0.876043 0.269165 0.104737 -0.862127 0.190247
0.104737 -0.862127 0.190247 0.104680 -0.956610 0.269897
0.104680 -0.956610 0.269897 0.104690 -0.939032 0.166809
0.104737 -0.862127 0.190247 0.104690 -0.939032 0.166809
0.104737 -0.862127 0.190247 0.104690 -0.939032 0.166809
0.104690 -0.939032 0.166809 0.104761 -0.822210 0.125977
0.104737 -0.862127 0.190247 0.104761 -0.822210 0.125977
0.104761 -0.822210 0.125977 0.104690 -0.939032 0.166809
0.104690 -0.939032 0.166809 0.104800 -0.758856 0.081665
0.104761 -0.822210 0.125977 0.104800 -0.758856 0.081665
0.104800 -0.758856 0.081665 0.104690 -0.939032 0.166809
0.104690 -0.939032 0.166809 0.104722 -0.887396 0.080933
0.104800 -0.758856 0.081665 0.104722 -0.887396 0.080933
0.104800 -0.758856 0.081665 0.104722 -0.887396 0.080933
0.104722 -0.887396 0.080933 0.104844 -0.685614 0.065918
0.104800 -0.758856 0.081665 0.104844 -0.685614 0.065918
0.104844 -0.685614 0.065918 0.104722 -0.887396 0.080933
0.104722 -0.887396 0.080933 0.104748 -0.844503 0.041107
0.104844 -0.685614 0.065918 0.104748 -0.844503 0.041107
0.104935 -0.535330 0.499832 0.104844 -0.685614 0.466553
0.104844 -0.685614 0.466553 0.104960 -0.493719 0.465820
0.104935 -0.535330 0.499832 0.104960 -0.493719 0.465820
0.104960 -0.493719 0.465820 0.104844 -0.685614 0.466553
0.104844 -0.685614 0.466553 0.104891 -0.608893 0.450989
0.104960 -0.493719 0.465820 0.104891 -0.608893 0.450989
0.104960 -0.493719 0.465820 0.104891 -0.608893 0.450989
0.104891 -0.608893 0.450989 0.104982 -0.458105 0.423523
0.104960 -0.493719 0.465820 0.104982 -0.458105 0.423523
0.104982 -0.458105 0.423523 0.104891 -0.608893 0.450989
0.104891 -0.608893 0.450989 0.104930 -0.543890 0.402832
0.104982 -0.458105 0.423523 0.104930 -0.543890 0.402832
0.104982 -0.458105 0.423523 0.104930 -0.543890 0.402832
0.104930 -0.543890 0.402832 0.104997 -0.432562 0.376465
0.104982 -0.458105 0.423523 0.104997 -0.432562 0.376465
0.104997 -0.432562 0.376465 0.104930 -0.543890 0.402832
0.104930 -0.543890 0.402832 0.104954 -0.504889 0.341125
0.104997 -0.432562 0.376465 0.104954 -0.504889 0.341125
0.104997 -0.432562 0.376465 0.104954 -0.504889 0.341125
0.104954 -0.504889 0.341125 0.105007 -0.417181 0.325104
0.104997 -0.432562 0.376465 0.105007 -0.417181 0.325104
0.105007 -0.417181 0.325104 0.104954 -0.504889 0.341125
0.104954 -0.504889 0.341125 0.104962 -0.491522 0.270630
0.105007 -0.417181 0.325104 0.104962 -0.491522 0.270630
0.105007 -0.417181 0.325104 0.104962 -0.491522 0.270630
0.104962 -0.491522 0.270630 0.105010 -0.412054 0.269897
0.105007 -0.417181 0.325104 0.105010 -0.412054 0.269897
0.105010 -0.412054 0.269897 0.104962 -0.491522 0.270630
0.104962 -0.491522 0.270630 0.104953 -0.505438 0.190567
0.105010 -0.412054 0.269897 0.104953 -0.505438 0.190567
0.105010 -0.412054 0.269897 0.104953 -0.505438 0.190567
0.104953 -0.505438 0.190567 0.104999 -0.429632 0.165344
0.105010 -0.412054 0.269897 0.104999 -0.429632 0.165344
0.104999 -0.429632 0.165344 0.104953 -0.505438 0.190567
0.104953 -0.505438 0.190567 0.104928 -0.547186 0.124695
0.104999 -0.429632 0.165344 0.104928 -0.547186 0.124695
0.104999 -0.429632 0.165344 0.104928 -0.547186 0.124695
0.104928 -0.547186 0.124695 0.104986 -0.451605 0.119980
0.104999 -0.429632 0.165344 0.104986 -0.451605 0.119980
0.104986 -0.451605 0.119980 0.104928 -0.547186 0.124695
0.104928 -0.547186 0.124695 0.104890 -0.609625 0.080612
0.104986 -0.451605 0.119980 0.104890 -0.609625 0.080612
0.104986 -0.451605 0.119980 0.104890 -0.609625 0.080612
0.104890 -0.609625 0.080612 0.104967 -0.482367 0.079468
0.104986 -0.451605 0.119980 0.104967 -0.482367 0.079468
0.104967 -0.482367 0.079468 0.104890 -0.609625 0.080612
0.104890 -0.609625 0.080612 0.104844 -0.685614 0.065918
0.104967 -0.482367 0.079468 0.104844 -0.685614 0.065918
0.104967 -0.482367 0.079468 0.104844 -0.685614 0.065918
0.104844 -0.685614 0.065918 0.104748 -0.844503 0.041107
0.104967 -0.482367 0.079468 0.104748 -0.844503 0.041107
0.104967 -0.482367 0.079468 0.104748 -0.844503 0.041107
0.104748 -0.844503 0.041107 0.104941 -0.526175 0.040283
0.104967 -0.482367 0.079468 0.104941 -0.526175 0.040283
0.104941 -0.526175 0.040283 0.104748 -0.844503 0.041107
0.104748 -0.844503 0.041107 0.104777 -0.796392 0.012451
0.104941 -0.526175 0.040283 0.104777 -0.796392 0.012451
0.104941 -0.526175 0.040283 0.104777 -0.796392 0.012451
0.104777 -0.796392 0.012451 0.104911 -0.574835 0.012085
0.104941 -0.526175 0.040283 0.104911 -0.574835 0.012085
0.104911 -0.574835 0.012085 0.104777 -0.796392 0.012451
0.104777 -0.796392 0.012451 0.104809 -0.743338 -0.004852
0.104911 -0.574835 0.012085 0.104809 -0.743338 -0.004852
0.104911 -0.574835 0.012085 0.104809 -0.743338 -0.004852
0.104809 -0.743338 -0.004852 0.104879 -0.628073 -0.004944
0.104911 -0.574835 0.012085 0.104879 -0.628073 -0.004944
0.104879 -0.628073 -0.004944 0.104809 -0.743338 -0.004852
0.104809 -0.743338 -0.004852 0.104844 -0.685614 -0.010620
0.104879 -0.628073 -0.004944 0.104844 -0.685614 -0.010620
0.104844 -0.684881 0.543823 0.104877 -0.630911 0.538925
0.104877 -0.630911 0.538925 0.104812 -0.737661 0.538925
0.104844 -0.684881 0.543823 0.104812 -0.737661 0.538925
0.104812 -0.737661 0.538925 0.104877 -0.630911 0.538925
0.104877 -0.630911 0.538925 0.104907 -0.581060 0.524231
0.104812 -0.737661 0.538925 0.104907 -0.581060 0.524231
0.104812 -0.737661 0.538925 0.104907 -0.581060 0.524231
0.104907 -0.581060 0.524231 0.104783 -0.786871 0.524231
0.104812 -0.737661 0.538925 0.104783 -0.786871 0.524231
0.104783 -0.786871 0.524231 0.104907 -0.581060 0.524231
0.104907 -0.581060 0.524231 0.104755 -0.832144 0.500015
0.104783 -0.786871 0.524231 0.104755 -0.832144 0.500015
0.104755 -0.832144 0.500015 0.104907 -0.581060 0.524231
0.104907 -0.581060 0.524231 0.104935 -0.535330 0.499832
0.104755 -0.832144 0.500015 0.104935 -0.535330 0.499832
0.104755 -0.832144 0.500015 0.104935 -0.535330 0.499832
0.104935 -0.535330 0.499832 0.104844 -0.685614 0.466553
0.104755 -0.832144 0.500015 0.104844 -0.685614 0.466553
0.104755 -0.832144 0.500015 0.104844 -0.685614 0.466553
0.104844 -0.685614 0.466553 0.104730 -0.873114 0.466553
0.104755 -0.832144 0.500015 0.104730 -0.873114 0.466553
0.104730 -0.873114 0.466553 0.104844 -0.685614 0.466553
0.104844 -0.685614 0.466553 0.104801 -0.757391 0.452271
0.104730 -0.873114 0.466553 0.104801 -0.757391 0.452271
0.104730 -0.873114 0.466553 0.104801 -0.757391 0.452271
0.104801 -0.757391 0.452271 0.104709 -0.909185 0.423798
0.104730 -0.873114 0.466553 0.104709 -0.909185 0.423798
0.104709 -0.909185 0.423798 0.104801 -0.757391 0.452271
0.104801 -0.757391 0.452271 0.104764 -0.817816 0.410889
0.104709 -0.909185 0.423798 0.104764 -0.817816 0.410889
0.104709 -0.909185 0.423798 0.104764 -0.817816 0.410889
0.104764 -0.817816 0.410889 0.104693 -0.935369 0.376099
0.104709 -0.909185 0.423798 0.104693 -0.935369 0.376099
0.104693 -0.935369 0.376099 0.104764 -0.817816 0.410889
0.104764 -0.817816 0.410889 0.104738 -0.860662 0.345337
0.104693 -0.935369 0.376099 0.104738 -0.860662 0.345337
0.104693 -0.935369 0.376099 0.104738 -0.860662 0.345337
0.104738 -0.860662 0.345337 0.104683 -0.951300 0.324463
0.104693 -0.935369 0.376099 0.104683 -0.951300 0.324463
0.104683 -0.951300 0.324463 0.104738 -0.860662 0.345337
0.104738 -0.860662 0.345337 0.104680 -0.956610 0.269897
0.104683 -0.951300 0.324463 0.104680 -0.956610 0.269897
0.104680 -0.956610 0.269897 0.104738 -0.860662 0.345337
0.104738 -0.860662 0.345337 0.104729 -0.876043 0.269165
0.104680 -0.956610 0.269897 0.104729 -0.876043 0.269165
0.104680 -0.956610 0.269897 0.104729 -0.876043 0.269165
0.104729 -0.876043 0.269165 0.104737 -0.862127 0.190247
0.104680 -0.956610 0.269897 0.104737 -0.862127 0.190247
0.104680 -0.956610 0.269897 0.104737 -0.862127 0.190247
0.104737 -0.862127 0.190247 0.104690 -0.939032 0.166809
0.104680 -0.956610 0.269897 0.104690 -0.939032 0.166809
0.104690 -0.939032 0.166809 0.104737 -0.862127 0.190247
0.104737 -0.862127 0.190247 0.104761 -0.822210 0.125977
0.104690 -0.939032 0.166809 0.104761 -0.822210 0.125977
0.104690 -0.939032 0.166809 0.104761 -0.822210 0.125977
0.104761 -0.822210 0.125977 0.104800 -0.758856 0.081665
0.104690 -0.939032 0.166809 0.104800 -0.758856 0.081665
0.104690 -0.939032 0.166809 0.104800 -0.758856 0.081665
0.104800 -0.758856 0.081665 0.104722 -0.887396 0.080933
0.104690 -0.939032 0.166809 0.104722 -0.887396 0.080933
0.104722 -0.887396 0.080933 0.104800 -0.758856 0.081665
0.104800 -0.758856 0.081665 0.104844 -0.685614 0.065918
0.104722 -0.887396 0.080933 0.104844 -0.685614 0.065918
0.104722 -0.887396 0.080933 0.104844 -0.685614 0.065918
0.104844 -0.685614 0.065918 0.104748 -0.844503 0.041107
0.104722 -0.887396 0.080933 0.104748 -0.844503 0.041107
0.104844 -0.685614 0.466553 0.104935 -0.535330 0.499832
0.104935 -0.535330 0.499832 0.104960 -0.493719 0.465820
0.104844 -0.685614 0.466553 0.104960 -0.493719 0.465820
0.104844 -0.685614 0.466553 0.104960 -0.493719 0.465820
0.104960 -0.493719 0.465820 0.104891 -0.608893 0.450989
0.104844 -0.685614 0.466553 0.104891 -0.608893 0.450989
0.104891 -0.608893 0.450989 0.104960 -0.493719 0.465820
0.104960 -0.493719 0.465820 0.104982 -0.458105 0.423523
0.104891 -0.608893 0.450989 0.104982 -0.458105 0.423523
0.104891 -0.608893 0.450989 0.104982 -0.458105 0.423523
0.104982 -0.458105 0.423523 0.104930 -0.543890 0.402832
0.104891 -0.608893 0.450989 0.104930 -0.543890 0.402832
0.104930 -0.543890 0.402832 0.104982 -0.458105 0.423523
0.104982 -0.458105 0.423523 0.104997 -0.432562 0.376465
0.104930 -0.543890 0.402832 0.104997 -0.432562 0.376465
0.104930 -0.543890 0.402832 0.104997 -0.432562 0.376465
0.104997 -0.432562 0.376465 0.104954 -0.504889 0.341125
0.104930 -0.543890 0.402832 0.104954 -0.504889 0.341125
0.104954 -0.504889 0.341125 0.104997 -0.432562 0.376465
0.104997 -0.432562 0.376465 0.105007 -0.417181 0.325104
0.104954 -0.504889 0.341125 0.105007 -0.417181 0.325104
0.104954 -0.504889 0.341125 0.105007 -0.417181 0.325104
0.105007 -0.417181 0.325104 0.104962 -0.491522 0.270630
0.104954 -0.504889 0.341125 0.104962 -0.491522 0.270630
0.104962 -0.491522 0.270630 0.105007 -0.417181 0.325104
0.105007 -0.417181 0.325104 0.105010 -0.412054 0.269897
0.104962 -0.491522 0.270630 0.105010 -0.412054 0.269897
0.104962 -0.491522 0.270630 0.105010 -0.412054 0.269897
0.105010 -0.412054 0.269897 0.104953 -0.505438 0.190567
0.104962 -0.491522 0.270630 0.104953 -0.505438 0.190567
0.104953 -0.505438 0.190567 0.105010 -0.412054 0.269897
0.105010 -0.412054 0.269897 0.104999 -0.429632 0.165344
0.104953 -0.505438 0.190567 0.104999 -0.429632 0.165344
0.104953 -0.505438 0.190567 0.104999 -0.429632 0.165344
0.104999 -0.429632 0.165344 0.104928 -0.547186 0.124695
0.104953 -0.505438 0.190567 0.104928 -0.547186 0.124695
0.104928 -0.547186 0.124695 0.104999 -0.429632 0.165344
0.104999 -0.429632 0.165344 0.104986 -0.451605 0.119980
0.104928 -0.547186 0.124695 0.104986 -0.451605 0.119980
0.104928 -0.547186 0.124695 0.104986 -0.451605 0.119980
0.104986 -0.451605 0.119980 0.104890 -0.609625 0.080612
0.104928 -0.547186 0.124695 0.104890 -0.609625 0.080612
0.104890 -0.609625 0.080612 0.104986 -0.451605 0.119980
0.104986 -0.451605 0.119980 0.104967 -0.482367 0.079468
0.104890 -0.609625 0.080612 0.104967 -0.482367 0.079468
0.104890 -0.609625 0.080612 0.104967 -0.482367 0.079468
0.104967 -0.482367 0.079468 0.104844 -0.685614 0.065918
0.104890 -0.609625 0.080612 0.104844 -0.685614 0.065918
0.104844 -0.685614 0.065918 0.104967 -0.482367 0.079468
0.104967 -0.482367 0.079468 0.104748 -0.844503 0.041107
0.104844 -0.685614 0.065918 0.104748 -0.844503 0.041107
0.104748 -0.844503 0.041107 0.104967 -0.482367 0.079468
0.104967 -0.482367 0.079468 0.104941 -0.526175 0.040283
0.104748 -0.844503 0.041107 0.104941 -0.526175 0.040283
0.104748 -0.844503 0.041107 0.104941 -0.526175 0.040283
0.104941 -0.526175 0.040283 0.104777 -0.796392 0.012451
0.104748 -0.844503 0.041107 0.104777 -0.796392 0.012451
0.104777 -0.796392 0.012451 0.104941 -0.526175 0.040283
0.104941 -0.526175 0.040283 0.104911 -0.574835 0.012085
0.104777 -0.796392 0.012451 0.104911 -0.574835 0.012085
0.104777 -0.796392 0.012451 0.104911 -0.574835 0.012085
0.104911 -0.574835 0.012085 0.104809 -0.743338 -0.004852
0.104777 -0.796392 0.012451 0.104809 -0.743338 -0.004852
0.104809 -0.743338 -0.004852 0.104911 -0.574835 0.012085
0.104911 -0.574835 0.012085 0.104879 -0.628073 -0.004944
0.104809 -0.743338 -0.004852 0.104879 -0.628073 -0.004944
0.104809 -0.743338 -0.004852 0.104879 -0.628073 -0.004944
0.104879 -0.628073 -0.004944 0.104844 -0.685614 -0.010620
0.104809 -0.743338 -0.004852 0.104844 -0.685614 -0.010620
0.105346 0.143121 0.133667 0.105289 0.047907 0.133667
0.105289 0.047907 0.133667 0.105272 0.020853 0.104599
0.105346 0.143121 0.133667 0.105272 0.020853 0.104599
0.105346 0.143121 0.133667 0.105272 0.020853 0.104599
0.105272 0.020853 0.104599 0.105252 -0.012701 0.083313
0.105346 0.143121 0.133667 0.105252 -0.012701 0.083313
0.105346 0.143121 0.133667 0.105252 -0.012701 0.083313
0.105252 -0.012701 0.083313 0.105321 0.101694 0.071915
0.105346 0.143121 0.133667 0.105321 0.101694 0.071915
0.105321 0.101694 0.071915 0.105252 -0.012701 0.083313
0.105252 -0.012701 0.083313 0.105202 -0.095282 0.065918
0.105321 0.101694 0.071915 0.105202 -0.095282 0.065918
0.105321 0.101694 0.071915 0.105202 -0.095282 0.065918
0.105202 -0.095282 0.065918 0.105106 -0.254172 0.041107
0.105321 0.101694 0.071915 0.105106 -0.254172 0.041107
0.105321 0.101694 0.071915 0.105106 -0.254172 0.041107
0.105106 -0.254172 0.041107 0.105288 0.046991 0.026550
0.105321 0.101694 0.071915 0.105288 0.046991 0.026550
0.105288 0.046991 0.026550 0.105106 -0.254172 0.041107
0.105106 -0.254172 0.041107 0.105135 -0.206061 0.012451
0.105288 0.046991 0.026550 0.105135 -0.206061 0.012451
0.105288 0.046991 0.026550 0.105135 -0.206061 0.012451
0.105135 -0.206061 0.012451 0.105248 -0.019247 -0.001328
0.105288 0.046991 0.026550 0.105248 -0.019247 -0.001328
0.105248 -0.019247 -0.001328 0.105135 -0.206061 0.012451
0.105135 -0.206061 0.012451 0.105167 -0.153006 -0.004852
0.105248 -0.019247 -0.001328 0.105167 -0.153006 -0.004852
0.105248 -0.019247 -0.001328 0.105167 -0.153006 -0.004852
0.105167 -0.153006 -0.004852 0.105202 -0.095282 -0.010620
0.105248 -0.019247 -0.001328 0.105202 -0.095282 -0.010620
0.105113 -0.241812 0.500015 0.105088 -0.282782 0.466553
0.105088 -0.282782 0.466553 0.105202 -0.095282 0.466553
0.105113 -0.241812 0.500015 0.105202 -0.095282 0.466553
0.105202 -0.095282 0.466553 0.105088 -0.282782 0.466553
0.105088 -0.282782 0.466553 0.105158 -0.167059 0.452271
0.105202 -0.095282 0.466553 0.105158 -0.167059 0.452271
0.105158 -0.167059 0.452271 0.105088 -0.282782 0.466553
0.105088 -0.282782 0.466553 0.105066 -0.318854 0.423294
0.105158 -0.167059 0.452271 0.105066 -0.318854 0.423294
0.105158 -0.167059 0.452271 0.105066 -0.318854 0.423294
0.105066 -0.318854 0.423294 0.105122 -0.227484 0.410889
0.105158 -0.167059 0.452271 0.105122 -0.227484 0.410889
0.105122 -0.227484 0.410889 0.105066 -0.318854 0.423294
0.105066 -0.318854 0.423294 0.105050 -0.345038 0.375549
0.105122 -0.227484 0.410889 0.105050 -0.345038 0.375549
0.105122 -0.227484 0.410889 0.105050 -0.345038 0.375549
0.105050 -0.345038 0.375549 0.105096 -0.270331 0.345337
0.105122 -0.227484 0.410889 0.105096 -0.270331 0.345337
0.105096 -0.270331 0.345337 0.105050 -0.345038 0.375549
0.105050 -0.345038 0.375549 0.105041 -0.360968 0.324142
0.105096 -0.270331 0.345337 0.105041 -0.360968 0.324142
0.105096 -0.270331 0.345337 0.105041 -0.360968 0.324142
0.105041 -0.360968 0.324142 0.105038 -0.366278 0.269897
0.105096 -0.270331 0.345337 0.105038 -0.366278 0.269897
0.105096 -0.270331 0.345337 0.105038 -0.366278 0.269897
0.105038 -0.366278 0.269897 0.105086 -0.285712 0.269165
0.105096 -0.270331 0.345337 0.105086 -0.285712 0.269165
0.105086 -0.285712 0.269165 0.105038 -0.366278 0.269897
0.105038 -0.366278 0.269897 0.105095 -0.271796 0.190247
0.105086 -0.285712 0.269165 0.105095 -0.271796 0.190247
0.105095 -0.271796 0.190247 0.105038 -0.366278 0.269897
0.105038 -0.366278 0.269897 0.105048 -0.348700 0.166809
0.105095 -0.271796 0.190247 0.105048 -0.348700 0.166809
0.105095 -0.271796 0.190247 0.105048 -0.348700 0.166809
0.105048 -0.348700 0.166809 0.105119 -0.231879 0.125977
0.105095 -0.271796 0.190247 0.105119 -0.231879 0.125977
0.105119 -0.231879 0.125977 0.105048 -0.348700 0.166809
0.105048 -0.348700 0.166809 0.105157 -0.168524 0.081665
0.105119 -0.231879 0.125977 0.105157 -0.168524 0.081665
0.105157 -0.168524 0.081665 0.105048 -0.348700 0.166809
0.105048 -0.348700 0.166809 0.105080 -0.297064 0.080933
0.105157 -0.168524 0.081665 0.105080 -0.297064 0.080933
0.105157 -0.168524 0.081665 0.105080 -0.297064 0.080933
0.105080 -0.297064 0.080933 0.105202 -0.095282 0.065918
0.105157 -0.168524 0.081665 0.105202 -0.095282 0.065918
0.105202 -0.095282 0.065918 0.105080 -0.297064 0.080933
0.105080 -0.297064 0.080933 0.105106 -0.254172 0.041107
0.105202 -0.095282 0.065918 0.105106 -0.254172 0.041107
0.105202 -0.094550 0.543823 0.105170 -0.147330 0.538925
0.105170 -0.147330 0.538925 0.105249 -0.017508 0.534119
0.105202 -0.094550 0.543823 0.105249 -0.017508 0.534119
0.105249 -0.017508 0.534119 0.105170 -0.147330 0.538925
0.105170 -0.147330 0.538925 0.105140 -0.196539 0.524231
0.105249 -0.017508 0.534119 0.105140 -0.196539 0.524231
0.105249 -0.017508 0.534119 0.105140 -0.196539 0.524231
0.105140 -0.196539 0.524231 0.105290 0.049554 0.505005
0.105249 -0.017508 0.534119 0.105290 0.049554 0.505005
0.105290 0.049554 0.505005 0.105140 -0.196539 0.524231
0.105140 -0.196539 0.524231 0.105113 -0.241812 0.500015
0.105290 0.049554 0.505005 0.105113 -0.241812 0.500015
0.105290 0.049554 0.505005 0.105113 -0.241812 0.500015
0.105113 -0.241812 0.500015 0.105202 -0.095282 0.466553
0.105290 0.049554 0.505005 0.105202 -0.095282 0.466553
0.105290 0.049554 0.505005 0.105202 -0.095282 0.466553
0.105202 -0.095282 0.466553 0.105323 0.103983 0.458130
0.105290 0.049554 0.505005 0.105323 0.103983 0.458130
0.105323 0.103983 0.458130 0.105202 -0.095282 0.466553
0.105202 -0.095282 0.466553 0.105253 -0.010687 0.448608
0.105323 0.103983 0.458130 0.105253 -0.010687 0.448608
0.105323 0.103983 0.458130 0.105253 -0.010687 0.448608
0.105253 -0.010687 0.448608 0.105274 0.023737 0.426270
0.105323 0.103983 0.458130 0.105274 0.023737 0.426270
0.105323 0.103983 0.458130 0.105274 0.023737 0.426270
0.105274 0.023737 0.426270 0.105291 0.052301 0.395142
0.105323 0.103983 0.458130 0.105291 0.052301 0.395142
0.105323 0.103983 0.458130 0.105291 0.052301 0.395142
0.105291 0.052301 0.395142 0.105346 0.143121 0.395142
0.105323 0.103983 0.458130 0.105346 0.143121 0.395142
0.105289 0.047907 0.133667 0.105346 0.143121 0.133667
0.105346 0.143121 0.133667 0.105272 0.020853 0.104599
0.105289 0.047907 0.133667 0.105272 0.020853 0.104599
0.105272 0.020853 0.104599 0.105346 0.143121 0.133667
0.105346 0.143121 0.133667 0.105252 -0.012701 0.083313
0.105272 0.020853 0.104599 0.105252 -0.012701 0.083313
0.105252 -0.012701 0.083313 0.105346 0.143121 0.133667
0.105346 0.143121 0.133667 0.105321 0.101694 0.071915
0.105252 -0.012701 0.083313 0.105321 0.101694 0.071915
0.105252 -0.012701 0.083313 0.105321 0.101694 0.071915
0.105321 0.101694 0.071915 0.105202 -0.095282 0.065918
0.105252 -0.012701 0.083313 0.105202 -0.095282 0.065918
0.105202 -0.095282 0.065918 0.105321 0.101694 0.071915
0.105321 0.101694 0.071915 0.105106 -0.254172 0.041107
0.105202 -0.095282 0.065918 0.105106 -0.254172 0.041107
0.105106 -0.254172 0.041107 0.105321 0.101694 0.071915
0.105321 0.101694 0.071915 0.105288 0.046991 0.026550
0.105106 -0.254172 0.041107 0.105288 0.046991 0.026550
0.105106 -0.254172 0.041107 0.105288 0.046991 0.026550
0.105288 0.046991 0.026550 0.105135 -0.206061 0.012451
0.105106 -0.254172 0.041107 0.105135 -0.206061 0.012451
0.105135 -0.206061 0.012451 0.105288 0.046991 0.026550
0.105288 0.046991 0.026550 0.105248 -0.019247 -0.001328
0.105135 -0.206061 0.012451 0.105248 -0.019247 -0.001328
0.105135 -0.206061 0.012451 0.105248 -0.019247 -0.001328
0.105248 -0.019247 -0.001328 0.105167 -0.153006 -0.004852
0.105135 -0.206061 0.012451 0.105167 -0.153006 -0.004852
0.105167 -0.153006 -0.004852 0.105248 -0.019247 -0.001328
0.105248 -0.019247 -0.001328 0.105202 -0.095282 -0.010620
0.105167 -0.153006 -0.004852 0.105202 -0.095282 -0.010620
0.105113 -0.241812 0.500015 0.105202 -0.095282 0.466553
0.105202 -0.095282 0.466553 0.105088 -0.282782 0.466553
0.105113 -0.241812 0.500015 0.105088 -0.282782 0.466553
0.105088 -0.282782 0.466553 0.105202 -0.095282 0.466553
0.105202 -0.095282 0.466553 0.105158 -0.167059 0.452271
0.105088 -0.282782 0.466553 0.105158 -0.167059 0.452271
0.105088 -0.282782 0.466553 0.105158 -0.167059 0.452271
0.105158 -0.167059 0.452271 0.105066 -0.318854 0.423294
0.105088 -0.282782 0.466553 0.105066 -0.318854 0.423294
0.105066 -0.318854 0.423294 0.105158 -0.167059 0.452271
0.105158 -0.167059 0.452271 0.105122 -0.227484 0.410889
0.105066 -0.318854 0.423294 0.105122 -0.227484 0.410889
0.105066 -0.318854 0.423294 0.105122 -0.227484 0.410889
0.105122 -0.227484 0.410889 0.105050 -0.345038 0.375549
0.105066 -0.318854 0.423294 0.105050 -0.345038 0.375549
0.105050 -0.345038 0.375549 0.105122 -0.227484 0.410889
0.105122 -0.227484 0.410889 0.105096 -0.270331 0.345337
0.105050 -0.345038 0.375549 0.105096 -0.270331 0.345337
0.105050 -0.345038 0.375549 0.105096 -0.270331 0.345337
0.105096 -0.270331 0.345337 0.105041 -0.360968 0.324142
0.105050 -0.345038 0.375549 0.105041 -0.360968 0.324142
0.105041 -0.360968 0.324142 0.105096 -0.270331 0.345337
0.105096 -0.270331 0.345337 0.105038 -0.366278 0.269897
0.105041 -0.360968 0.324142 0.105038 -0.366278 0.269897
0.105038 -0.366278 0.269897 0.105096 -0.270331 0.345337
0.105096 -0.270331 0.345337 0.105086 -0.285712 0.269165
0.105038 -0.366278 0.269897 0.105086 -0.285712 0.269165
0.105038 -0.366278 0.269897 0.105086 -0.285712 0.269165
0.105086 -0.285712 0.269165 0.105095 -0.271796 0.190247
0.105038 -0.366278 0.269897 0.105095 -0.271796 0.190247
0.105038 -0.366278 0.269897 0.105095 -0.271796 0.190247
0.105095 -0.271796 0.190247 0.105048 -0.348700 0.166809
0.105038 -0.366278 0.269897 0.105048 -0.348700 0.166809
0.105048 -0.348700 0.166809 0.105095 -0.271796 0.190247
0.105095 -0.271796 0.190247 0.105119 -0.231879 0.125977
0.105048 -0.348700 0.166809 0.105119 -0.231879 0.125977
0.105048 -0.348700 0.166809 0.105119 -0.231879 0.125977
0.105119 -0.231879 0.125977 0.105157 -0.168524 0.081665
0.105048 -0.348700 0.166809 0.105157 -0.168524 0.081665
0.105048 -0.348700 0.166809 0.105157 -0.168524 0.081665
0.105157 -0.168524 0.081665 0.105080 -0.297064 0.080933
0.105048 -0.348700 0.166809 0.105080 -0.297064 0.080933
0.105080 -0.297064 0.080933 0.105157 -0.168524 0.081665
0.105157 -0.168524 0.081665 0.105202 -0.095282 0.065918
0.105080 -0.297064 0.080933 0.105202 -0.095282 0.065918
0.105080 -0.297064 0.080933 0.105202 -0.095282 0.065918
0.105202 -0.095282 0.065918 0.105106 -0.254172 0.041107
0.105080 -0.297064 0.080933 0.105106 -0.254172 0.041107
0.105170 -0.147330 0.538925 0.105202 -0.094550 0.543823
0.105202 -0.094550 0.543823 0.105249 -0.017508 0.534119
0.105170 -0.147330 0.538925 0.105249 -0.017508 0.534119
0.105170 -0.147330 0.538925 0.105249 -0.017508 0.534119
0.105249 -0.017508 0.534119 0.105140 -0.196539 0.524231
0.105170 -0.147330 0.538925 0.105140 -0.196539 0.524231
0.105140 -0.196539 0.524231 0.105249 -0.017508 0.534119
0.105249 -0.017508 0.534119 0.105290 0.049554 0.505005
0.105140 -0.196539 0.524231 0.105290 0.049554 0.505005
0.105140 -0.196539 0.524231 0.105290 0.049554 0.505005
0.105290 0.049554 0.505005 0.105113 -0.241812 0.500015
0.105140 -0.196539 0.524231 0.105113 -0.241812 0.500015
0.105113 -0.241812 0.500015 0.105290 0.049554 0.505005
0.105290 0.049554 0.505005 0.105202 -0.095282 0.466553
0.105113 -0.241812 0.500015 0.105202 -0.095282 0.466553
0.105202 -0.095282 0.466553 0.105290 0.049554 0.505005
0.105290 0.049554 0.505005 0.105323 0.103983 0.458130
0.105202 -0.095282 0.466553 0.105323 0.103983 0.458130
0.105202 -0.095282 0.466553 0.105323 0.103983 0.458130
0.105323 0.103983 0.458130 0.105253 -0.010687 0.448608
0.105202 -0.095282 0.466553 0.105253 -0.010687 0.448608
0.105253 -0.010687 0.448608 0.105323 0.103983 0.458130
0.105323 0.103983 0.458130 0.105274 0.023737 0.426270
0.105253 -0.010687 0.448608 0.105274 0.023737 0.426270
0.105274 0.023737 0.426270 0.105323 0.103983 0.458130
0.105323 0.103983 0.458130 0.105346 0.143121 0.395142
0.105274 0.023737 0.426270 0.105346 0.143121 0.395142
0.105274 0.023737 0.426270 0.105346 0.143121 0.395142
0.105346 0.143121 0.395142 0.105291 0.052301 0.395142
0.105274 0.023737 0.426270 0.105291 0.052301 0.395142
0.105688 0.707086 0.133667 0.105631 0.611871 0.133667
0.105631 0.611871 0.133667 0.105614 0.584817 0.104599
0.105688 0.707086 0.133667 0.105614 0.584817 0.104599
0.105688 0.707086 0.133667 0.105614 0.584817 0.104599
0.105614 0.584817 0.104599 0.105594 0.551263 0.083313
0.105688 0.707086 0.133667 0.105594 0.551263 0.083313
0.105688 0.707086 0.133667 0.105594 0.551263 0.083313
0.105594 0.551263 0.083313 0.105663 0.665659 0.071915
0.105688 0.707086 0.133667 0.105663 0.665659 0.071915
0.105663 0.665659 0.071915 0.105594 0.551263 0.083313
0.105594 0.551263 0.083313 0.105544 0.468683 0.065918
0.105663 0.665659 0.071915 0.105544 0.468683 0.065918
0.105663 0.665659 0.071915 0.105544 0.468683 0.065918
0.105544 0.468683 0.065918 0.105447 0.309793 0.041107
0.105663 0.665659 0.071915 0.105447 0.309793 0.041107
0.105663 0.665659 0.071915 0.105447 0.309793 0.041107
0.105447 0.309793 0.041107 0.105630 0.610956 0.026550
0.105663 0.665659 0.071915 0.105630 0.610956 0.026550
0.105630 0.610956 0.026550 0.105447 0.309793 0.041107
0.105447 0.309793 0.041107 0.105477 0.357904 0.012451
0.105630 0.610956 0.026550 0.105477 0.357904 0.012451
0.105630 0.610956 0.026550 0.105477 0.357904 0.012451
0.105477 0.357904 0.012451 0.105590 0.544717 -0.001328
0.105630 0.610956 0.026550 0.105590 0.544717 -0.001328
0.105590 0.544717 -0.001328 0.105477 0.357904 0.012451
0.105477 0.357904 0.012451 0.105509 0.410959 -0.004852
0.105590 0.544717 -0.001328 0.105509 0.410959 -0.004852
0.105590 0.544717 -0.001328 0.105509 0.410959 -0.004852
0.105509 0.410959 -0.004852 0.105544 0.468683 -0.010620
0.105590 0.544717 -0.001328 0.105544 0.468683 -0.010620
0.105455 0.322153 0.500015 0.105430 0.281183 0.466553
0.105430 0.281183 0.466553 0.105544 0.468683 0.466553
0.105455 0.322153 0.500015 0.105544 0.468683 0.466553
0.105544 0.468683 0.466553 0.105430 0.281183 0.466553
0.105430 0.281183 0.466553 0.105500 0.396906 0.452271
0.105544 0.468683 0.466553 0.105500 0.396906 0.452271
0.105500 0.396906 0.452271 0.105430 0.281183 0.466553
0.105430 0.281183 0.466553 0.105408 0.245111 0.423294
0.105500 0.396906 0.452271 0.105408 0.245111 0.423294
0.105500 0.396906 0.452271 0.105408 0.245111 0.423294
0.105408 0.245111 0.423294 0.105464 0.336481 0.410889
0.105500 0.396906 0.452271 0.105464 0.336481 0.410889
0.105464 0.336481 0.410889 0.105408 0.245111 0.423294
0.105408 0.245111 0.423294 0.105392 0.218927 0.375549
0.105464 0.336481 0.410889 0.105392 0.218927 0.375549
0.105464 0.336481 0.410889 0.105392 0.218927 0.375549
0.105392 0.218927 0.375549 0.105438 0.293634 0.345337
0.105464 0.336481 0.410889 0.105438 0.293634 0.345337
0.105438 0.293634 0.345337 0.105392 0.218927 0.375549
0.105392 0.218927 0.375549 0.105383 0.202997 0.324142
0.105438 0.293634 0.345337 0.105383 0.202997 0.324142
0.105438 0.293634 0.345337 0.105383 0.202997 0.324142
0.105383 0.202997 0.324142 0.105379 0.197687 0.269897
0.105438 0.293634 0.345337 0.105379 0.197687 0.269897
0.105438 0.293634 0.345337 0.105379 0.197687 0.269897
0.105379 0.197687 0.269897 0.105428 0.278253 0.269165
0.105438 0.293634 0.345337 0.105428 0.278253 0.269165
0.105428 0.278253 0.269165 0.105379 0.197687 0.269897
0.105379 0.197687 0.269897 0.105437 0.292169 0.190247
0.105428 0.278253 0.269165 0.105437 0.292169 0.190247
0.105437 0.292169 0.190247 0.105379 0.197687 0.269897
0.105379 0.197687 0.269897 0.105390 0.215265 0.166809
0.105437 0.292169 0.190247 0.105390 0.215265 0.166809
0.105437 0.292169 0.190247 0.105390 0.215265 0.166809
0.105390 0.215265 0.166809 0.105461 0.332086 0.125977
0.105437 0.292169 0.190247 0.105461 0.332086 0.125977
0.105461 0.332086 0.125977 0.105390 0.215265 0.166809
0.105390 0.215265 0.166809 0.105499 0.395441 0.081665
0.105461 0.332086 0.125977 0.105499 0.395441 0.081665
0.105499 0.395441 0.081665 0.105390 0.215265 0.166809
0.105390 0.215265 0.166809 0.105421 0.266901 0.080933
0.105499 0.395441 0.081665 0.105421 0.266901 0.080933
0.105499 0.395441 0.081665 0.105421 0.266901 0.080933
0.105421 0.266901 0.080933 0.105544 0.468683 0.065918
0.105499 0.395441 0.081665 0.105544 0.468683 0.065918
0.105544 0.468683 0.065918 0.105421 0.266901 0.080933
0.105421 0.266901 0.080933 0.105447 0.309793 0.041107
0.105544 0.468683 0.065918 0.105447 0.309793 0.041107
0.105544 0.469415 0.543823 0.105512 0.416635 0.538925
0.105512 0.416635 0.538925 0.105591 0.546457 0.534119
0.105544 0.469415 0.543823 0.105591 0.546457 0.534119
0.105591 0.546457 0.534119 0.105512 0.416635 0.538925
0.105512 0.416635 0.538925 0.105482 0.367426 0.524231
0.105591 0.546457 0.534119 0.105482 0.367426 0.524231
0.105591 0.546457 0.534119 0.105482 0.367426 0.524231
0.105482 0.367426 0.524231 0.105632 0.613519 0.505005
0.105591 0.546457 0.534119 0.105632 0.613519 0.505005
0.105632 0.613519 0.505005 0.105482 0.367426 0.524231
0.105482 0.367426 0.524231 0.105455 0.322153 0.500015
0.105632 0.613519 0.505005 0.105455 0.322153 0.500015
0.105632 0.613519 0.505005 0.105455 0.322153 0.500015
0.105455 0.322153 0.500015 0.105544 0.468683 0.466553
0.105632 0.613519 0.505005 0.105544 0.468683 0.466553
0.105632 0.613519 0.505005 0.105544 0.468683 0.466553
0.105544 0.468683 0.466553 0.105665 0.667947 0.458130
0.105632 0.613519 0.505005 0.105665 0.667947 0.458130
0.105665 0.667947 0.458130 0.105544 0.468683 0.466553
0.105544 0.468683 0.466553 0.105595 0.553278 0.448608
0.105665 0.667947 0.458130 0.105595 0.553278 0.448608
0.105665 0.667947 0.458130 0.105595 0.553278 0.448608
0.105595 0.553278 0.448608 0.105616 0.587701 0.426270
0.105665 0.667947 0.458130 0.105616 0.587701 0.426270
0.105665 0.667947 0.458130 0.105616 0.587701 0.426270
0.105616 0.587701 0.426270 0.105633 0.616266 0.395142
0.105665 0.667947 0.458130 0.105633 0.616266 0.395142
0.105665 0.667947 0.458130 0.105633 0.616266 0.395142
0.105633 0.616266 0.395142 0.105688 0.707086 0.395142
0.105665 0.667947 0.458130 0.105688 0.707086 0.395142
0.105631 0.611871 0.133667 0.105688 0.707086 0.133667
0.105688 0.707086 0.133667 0.105614 0.584817 0.104599
0.105631 0.611871 0.133667 0.105614 0.584817 0.104599
0.105614 0.584817 0.104599 0.105688 0.707086 0.133667
0.105688 0.707086 0.133667 0.105594 0.551263 0.083313
0.105614 0.584817 0.104599 0.105594 0.551263 0.083313
0.105594 0.551263 0.083313 0.105688 0.707086 0.133667
0.105688 0.707086 0.133667 0.105663 0.665659 0.071915
0.105594 0.551263 0.083313 0.105663 0.665659 0.071915
0.105594 0.551263 0.083313 0.105663 0.665659 0.071915
0.105663 0.665659 0.071915 0.105544 0.468683 0.065918
0.105594 0.551263 0.083313 0.105544 0.468683 0.065918
0.105544 0.468683 0.065918 0.105663 0.665659 0.071915
0.105663 0.665659 0.071915 0.105447 0.309793 0.041107
0.105544 0.468683 0.065918 0.105447 0.309793 0.041107
0.105447 0.309793 0.041107 0.105663 0.665659 0.071915
0.105663 0.665659 0.071915 0.105630 0.610956 0.026550
0.105447 0.309793 0.041107 0.105630 0.610956 0.026550
0.105447 0.309793 0.041107 0.105630 0.610956 0.026550
0.105630 0.610956 0.026550 0.105477 0.357904 0.012451
0.105447 0.309793 0.041107 0.105477 0.357904 0.012451
0.105477 0.357904 0.012451 0.105630 0.610956 0.026550
0.105630 0.610956 0.026550 0.105590 0.544717 -0.001328
0.105477 0.357904 0.012451 0.105590 0.544717 -0.001328
0.105477 0.357904 0.012451 0.105590 0.544717 -0.001328
0.105590 0.544717 -0.001328 0.105509 0.410959 -0.004852
0.105477 0.357904 0.012451 0.105509 0.410959 -0.004852
0.105509 0.410959 -0.004852 0.105590 0.544717 -0.001328
0.105590 0.544717 -0.001328 0.105544 0.468683 -0.010620
0.105509 0.410959 -0.004852 0.105544 0.468683 -0.010620
0.105455 0.322153 0.500015 0.105544 0.468683 0.466553
0.105544 0.468683 0.466553 0.105430 0.281183 0.466553
0.105455 0.322153 0.500015 0.105430 0.281183 0.466553
0.105430 0.281183 0.466553 0.105544 0.468683 0.466553
0.105544 0.468683 0.466553 0.105500 0.396906 0.452271
0.105430 0.281183 0.466553 0.105500 0.396906 0.452271
0.105430 0.281183 0.466553 0.105500 0.396906 0.452271
0.105500 0.396906 0.452271 0.105408 0.245111 0.423294
0.105430 0.281183 0.466553 0.105408 0.245111 0.423294
0.105408 0.245111 0.423294 0.105500 0.396906 0.452271
0.105500 0.396906 0.452271 0.105464 0.336481 0.410889
0.105408 0.245111 0.423294 0.105464 0.336481 0.410889
0.105408 0.245111 0.423294 0.105464 0.336481 0.410889
0.105464 0.336481 0.410889 0.105392 0.218927 0.375549
0.105408 0.245111 0.423294 0.105392 0.218927 0.375549
0.105392 0.218927 0.375549 0.105464 0.336481 0.410889
0.105464 0.336481 0.410889 0.105438 0.293634 0.345337
0.105392 0.218927 0.375549 0.105438 0.293634 0.345337
0.105392 0.218927 0.375549 0.105438 0.293634 0.345337
0.105438 0.293634 0.345337 0.105383 0.202997 0.324142
0.105392 0.218927 0.375549 0.105383 0.202997 0.324142
0.105383 0.202997 0.324142 0.105438 0.293634 0.345337
0.105438 0.293634 0.345337 0.105379 0.197687 0.269897
0.105383 0.202997 0.324142 0.105379 0.197687 0.269897
0.105379 0.197687 0.269897 0.105438 0.293634 0.345337
0.105438 0.293634 0.345337 0.105428 0.278253 0.269165
0.105379 0.197687 0.269897 0.105428 0.278253 0.269165
0.105379 0.197687 0.269897 0.105428 0.278253 0.269165
0.105428 0.278253 0.269165 0.105437 0.292169 0.190247
0.105379 0.197687 0.269897 0.105437 0.292169 0.190247
0.105379 0.197687 0.269897 0.105437 0.292169 0.190247
0.105437 0.292169 0.190247 0.105390 0.215265 0.166809
0.105379 0.197687 0.269897 0.105390 0.215265 0.166809
0.105390 0.215265 0.166809 0.105437 0.292169 0.190247
0.105437 0.292169 0.190247 0.105461 0.332086 0.125977
0.105390 0.215265 0.166809 0.105461 0.332086 0.125977
0.105390 0.215265 0.166809 0.105461 0.332086 0.125977
0.105461 0.332086 0.125977 0.105499 0.395441 0.081665
0.105390 0.215265 0.166809 0.105499 0.395441 0.081665
0.105390 0.215265 0.166809 0.105499 0.395441 0.081665
0.105499 0.395441 0.081665 0.105421 0.266901 0.080933
0.105390 0.215265 0.166809 0.105421 0.266901 0.080933
0.105421 0.266901 0.080933 0.105499 0.395441 0.081665
0.105499 0.395441 0.081665 0.105544 0.468683 0.065918
0.105421 0.266901 0.080933 0.105544 0.468683 0.065918
0.105421 0.266901 0.080933 0.105544 0.468683 0.065918
0.105544 0.468683 0.065918 0.105447 0.309793 0.041107
0.105421 0.266901 0.080933 0.105447 0.309793 0.041107
0.105512 0.416635 0.538925 0.105544 0.469415 0.543823
0.105544 0.469415 0.543823 0.105591 0.546457 0.534119
0.105512 0.416635 0.538925 0.105591 0.546457 0.534119
0.105512 0.416635 0.538925 0.105591 0.546457 0.534119
0.105591 0.546457 0.534119 0.105482 0.367426 0.524231
0.105512 0.416635 0.538925 0.105482 0.367426 0.524231
0.105482 0.367426 0.524231 0.105591 0.546457 0.534119
0.105591 0.546457 0.534119 0.105632 0.613519 0.505005
0.105482 0.367426 0.524231 0.105632 0.613519 0.505005
0.105482 0.367426 0.524231 0.105632 0.613519 0.505005
0.105632 0.613519 0.505005 0.105455 0.322153 0.500015
0.105482 0.367426 0.524231 0.105455 0.322153 0.500015
0.105455 0.322153 0.500015 0.105632 0.613519 0.505005
0.105632 0.613519 0.505005 0.105544 0.468683 0.466553
0.105455 0.322153 0.500015 0.105544 0.468683 0.466553
0.105544 0.468683 0.466553 0.105632 0.613519 0.505005
0.105632 0.613519 0.505005 0.105665 0.667947 0.458130
0.105544 0.468683 0.466553 0.105665 0.667947 0.458130
0.105544 0.468683 0.466553 0.105665 0.667947 0.458130
0.105665 0.667947 0.458130 0.105595 0.553278 0.448608
0.105544 0.468683 0.466553 0.105595 0.553278 0.448608
0.105595 0.553278 0.448608 0.105665 0.667947 0.458130
0.105665 0.667947 0.458130 0.105616 0.587701 0.426270
0.105595 0.553278 0.448608 0.105616 0.587701 0.426270
0.105616 0.587701 0.426270 0.105665 0.667947 0.458130
0.105665 0.667947 0.458130 0.105688 0.707086 0.395142
0.105616 0.587701 0.426270 0.105688 0.707086 0.395142
0.105616 0.587701 0.426270 0.105688 0.707086 0.395142
0.105688 0.707086 0.395142 0.105633 0.616266 0.395142
0.105616 0.587701 0.426270 0.105633 0.616266 0.395142
0.106030 1.271051 0.133667 0.105972 1.175836 0.133667
0.105972 1.175836 0.133667 0.105956 1.148782 0.104599
0.106030 1.271051 0.133667 0.105956 1.148782 0.104599
0.106030 1.271051 0.133667 0.105956 1.148782 0.104599
0.105956 1.148782 0.104599 0.105936 1.115228 0.083313
0.106030 1.271051 0.133667 0.105936 1.115228 0.083313
0.106030 1.271051 0.133667 0.105936 1.115228 0.083313
0.105936 1.115228 0.083313 0.106005 1.229623 0.071915
0.106030 1.271051 0.133667 0.106005 1.229623 0.071915
0.106005 1.229623 0.071915 0.105936 1.115228 0.083313
0.105936 1.115228 0.083313 0.105886 1.032648 0.065918
0.106005 1.229623 0.071915 0.105886 1.032648 0.065918
0.106005 1.229623 0.071915 0.105886 1.032648 0.065918
0.105886 1.032648 0.065918 0.105789 0.873758 0.041107
0.106005 1.229623 0.071915 0.105789 0.873758 0.041107
0.106005 1.229623 0.071915 0.105789 0.873758 0.041107
0.105789 0.873758 0.041107 0.105972 1.174921 0.026550
0.106005 1.229623 0.071915 0.105972 1.174921 0.026550
0.105972 1.174921 0.026550 0.105789 0.873758 0.041107
0.105789 0.873758 0.041107 0.105818 0.921869 0.012451
0.105972 1.174921 0.026550 0.105818 0.921869 0.012451
0.105972 1.174921 0.026550 0.105818 0.921869 0.012451
0.105818 0.921869 0.012451 0.105932 1.108682 -0.001328
0.105972 1.174921 0.026550 0.105932 1.108682 -0.001328
0.105932 1.108682 -0.001328 0.105818 0.921869 0.012451
0.105818 0.921869 0.012451 0.105851 0.974924 -0.004852
0.105932 1.108682 -0.001328 0.105851 0.974924 -0.004852
0.105932 1.108682 -0.001328 0.105851 0.974924 -0.004852
0.105851 0.974924 -0.004852 0.105886 1.032648 -0.010620
0.105932 1.108682 -0.001328 0.105886 1.032648 -0.010620
0.105797 0.886118 0.500015 0.105772 0.845148 0.466553
0.105772 0.845148 0.466553 0.105886 1.032648 0.466553
0.105797 0.886118 0.500015 0.105886 1.032648 0.466553
0.105886 1.032648 0.466553 0.105772 0.845148 0.466553
0.105772 0.845148 0.466553 0.105842 0.960870 0.452271
0.105886 1.032648 0.466553 0.105842 0.960870 0.452271
0.105842 0.960870 0.452271 0.105772 0.845148 0.466553
0.105772 0.845148 0.466553 0.105750 0.809076 0.423294
0.105842 0.960870 0.452271 0.105750 0.809076 0.423294
0.105842 0.960870 0.452271 0.105750 0.809076 0.423294
0.105750 0.809076 0.423294 0.105805 0.900446 0.410889
0.105842 0.960870 0.452271 0.105805 0.900446 0.410889
0.105805 0.900446 0.410889 0.105750 0.809076 0.423294
0.105750 0.809076 0.423294 0.105734 0.782892 0.375549
0.105805 0.900446 0.410889 0.105734 0.782892 0.375549
0.105805 0.900446 0.410889 0.105734 0.782892 0.375549
0.105734 0.782892 0.375549 0.105779 0.857599 0.345337
0.105805 0.900446 0.410889 0.105779 0.857599 0.345337
0.105779 0.857599 0.345337 0.105734 0.782892 0.375549
0.105734 0.782892 0.375549 0.105725 0.766962 0.324142
0.105779 0.857599 0.345337 0.105725 0.766962 0.324142
0.105779 0.857599 0.345337 0.105725 0.766962 0.324142
0.105725 0.766962 0.324142 0.105721 0.761652 0.269897
0.105779 0.857599 0.345337 0.105721 0.761652 0.269897
0.105779 0.857599 0.345337 0.105721 0.761652 0.269897
0.105721 0.761652 0.269897 0.105770 0.842218 0.269165
0.105779 0.857599 0.345337 0.105770 0.842218 0.269165
0.105770 0.842218 0.269165 0.105721 0.761652 0.269897
0.105721 0.761652 0.269897 0.105779 0.856134 0.190247
0.105770 0.842218 0.269165 0.105779 0.856134 0.190247
0.105779 0.856134 0.190247 0.105721 0.761652 0.269897
0.105721 0.761652 0.269897 0.105732 0.779230 0.166809
0.105779 0.856134 0.190247 0.105732 0.779230 0.166809
0.105779 0.856134 0.190247 0.105732 0.779230 0.166809
0.105732 0.779230 0.166809 0.105803 0.896051 0.125977
0.105779 0.856134 0.190247 0.105803 0.896051 0.125977
0.105803 0.896051 0.125977 0.105732 0.779230 0.166809
0.105732 0.779230 0.166809 0.105841 0.959406 0.081665
0.105803 0.896051 0.125977 0.105841 0.959406 0.081665
0.105841 0.959406 0.081665 0.105732 0.779230 0.166809
0.105732 0.779230 0.166809 0.105763 0.830866 0.080933
0.105841 0.959406 0.081665 0.105763 0.830866 0.080933
0.105841 0.959406 0.081665 0.105763 0.830866 0.080933
0.105763 0.830866 0.080933 0.105886 1.032648 0.065918
0.105841 0.959406 0.081665 0.105886 1.032648 0.065918
0.105886 1.032648 0.065918 0.105763 0.830866 0.080933
0.105763 0.830866 0.080933 0.105789 0.873758 0.041107
0.105886 1.032648 0.065918 0.105789 0.873758 0.041107
0.105886 1.033380 0.543823 0.105854 0.980600 0.538925
0.105854 0.980600 0.538925 0.105933 1.110422 0.534119
0.105886 1.033380 0.543823 0.105933 1.110422 0.534119
0.105933 1.110422 0.534119 0.105854 0.980600 0.538925
0.105854 0.980600 0.538925 0.105824 0.931390 0.524231
0.105933 1.110422 0.534119 0.105824 0.931390 0.524231
0.105933 1.110422 0.534119 0.105824 0.931390 0.524231
0.105824 0.931390 0.524231 0.105973 1.177484 0.505005
0.105933 1.110422 0.534119 0.105973 1.177484 0.505005
0.105973 1.177484 0.505005 0.105824 0.931390 0.524231
0.105824 0.931390 0.524231 0.105797 0.886118 0.500015
0.105973 1.177484 0.505005 0.105797 0.886118 0.500015
0.105973 1.177484 0.505005 0.105797 0.886118 0.500015
0.105797 0.886118 0.500015 0.105886 1.032648 0.466553
0.105973 1.177484 0.505005 0.105886 1.032648 0.466553
0.105973 1.177484 0.505005 0.105886 1.032648 0.466553
0.105886 1.032648 0.466553 0.106006 1.231912 0.458130
0.105973 1.177484 0.505005 0.106006 1.231912 0.458130
0.106006 1.231912 0.458130 0.105886 1.032648 0.466553
0.105886 1.032648 0.466553 0.105937 1.117242 0.448608
0.106006 1.231912 0.458130 0.105937 1.117242 0.448608
0.106006 1.231912 0.458130 0.105937 1.117242 0.448608
0.105937 1.117242 0.448608 0.105958 1.151666 0.426270
0.106006 1.231912 0.458130 0.105958 1.151666 0.426270
0.106006 1.231912 0.458130 0.105958 1.151666 0.426270
0.105958 1.151666 0.426270 0.105975 1.180231 0.395142
0.106006 1.231912 0.458130 0.105975 1.180231 0.395142
0.106006 1.231912 0.458130 0.105975 1.180231 0.395142
0.105975 1.180231 0.395142 0.106030 1.271051 0.395142
0.106006 1.231912 0.458130 0.106030 1.271051 0.395142
0.105972 1.175836 0.133667 0.106030 1.271051 0.133667
0.106030 1.271051 0.133667 0.105956 1.148782 0.104599
0.105972 1.175836 0.133667 0.105956 1.148782 0.104599
0.105956 1.148782 0.104599 0.106030 1.271051 0.133667
0.106030 1.271051 0.133667 0.105936 1.115228 0.083313
0.105956 1.148782 0.104599 0.105936 1.115228 0.083313
0.105936 1.115228 0.083313 0.106030 1.271051 0.133667
0.106030 1.271051 0.133667 0.106005 1.229623 0.071915
0.105936 1.115228 0.083313 0.106005 1.229623 0.071915
0.105936 1.115228 0.083313 0.106005 1.229623 0.071915
0.106005 1.229623 0.071915 0.105886 1.032648 0.065918
0.105936 1.115228 0.083313 0.105886 1.032648 0.065918
0.105886 1.032648 0.065918 0.106005 1.229623 0.071915
0.106005 1.229623 0.071915 0.105789 0.873758 0.041107
0.105886 1.032648 0.065918 0.105789 0.873758 0.041107
0.105789 0.873758 0.041107 0.106005 1.229623 0.071915
0.106005 1.229623 0.071915 0.105972 1.174921 0.026550
0.105789 0.873758 0.041107 0.105972 1.174921 0.026550
0.105789 0.873758 0.041107 0.105972 1.174921 0.026550
0.105972 1.174921 0.026550 0.105818 0.921869 0.012451
0.105789 0.873758 0.041107 0.105818 0.921869 0.012451
0.105818 0.921869 0.012451 0.105972 1.174921 0.026550
0.105972 1.174921 0.026550 0.105932 1.108682 -0.001328
0.105818 0.921869 0.012451 0.105932 1.108682 -0.001328
0.105818 0.921869 0.012451 0.105932 1.108682 -0.001328
0.105932 1.108682 -0.001328 0.105851 0.974924 -0.004852
0.105818 0.921869 0.012451 0.105851 0.974924 -0.004852
0.105851 0.974924 -0.004852 0.105932 1.108682 -0.001328
0.105932 1.108682 -0.001328 0.105886 1.032648 -0.010620
0.105851 0.974924 -0.004852 0.105886 1.032648 -0.010620
0.105797 0.886118 0.500015 0.105886 1.032648 0.466553
0.105886 1.032648 0.466553 0.105772 0.845148 0.466553
0.105797 0.886118 0.500015 0.105772 0.845148 0.466553
0.105772 0.845148 0.466553 0.105886 1.032648 0.466553
0.105886 1.032648 0.466553 0.105842 0.960870 0.452271
0.105772 0.845148 0.466553 0.105842 0.960870 0.452271
0.105772 0.845148 0.466553 0.105842 0.960870 0.452271
0.105842 0.960870 0.452271 0.105750 0.809076 0.423294
0.105772 0.845148 0.466553 0.105750 0.809076 0.423294
0.105750 0.809076 0.423294 0.105842 0.960870 0.452271
0.105842 0.960870 0.452271 0.105805 0.900446 0.410889
0.105750 0.809076 0.423294 0.105805 0.900446 0.410889
0.105750 0.809076 0.423294 0.105805 0.900446 0.410889
0.105805 0.900446 0.410889 0.105734 0.782892 0.375549
0.105750 0.809076 0.423294 0.105734 0.782892 0.375549
0.105734 0.782892 0.375549 0.105805 0.900446 0.410889
0.105805 0.900446 0.410889 0.105779 0.857599 0.345337
0.105734 0.782892 0.375549 0.105779 0.857599 0.345337
0.105734 0.782892 0.375549 0.105779 0.857599 0.345337
0.105779 0.857599 0.345337 0.105725 0.766962 0.324142
0.105734 0.782892 0.375549 0.105725 0.766962 0.324142
0.105725 0.766962 0.324142 0.105779 0.857599 0.345337
0.105779 0.857599 0.345337 0.105721 0.761652 0.269897
0.105725 0.766962 0.324142 0.105721 0.761652 0.269897
0.105721 0.761652 0.269897 0.105779 0.857599 0.345337
0.105779 0.857599 0.345337 0.105770 0.842218 0.269165
0.105721 0.761652 0.269897 0.105770 0.842218 0.269165
0.105721 0.761652 0.269897 0.105770 0.842218 0.269165
0.105770 0.842218 0.269165 0.105779 0.856134 0.190247
0.105721 0.761652 0.269897 0.105779 0.856134 0.190247
0.105721 0.761652 0.269897 0.105779 0.856134 0.190247
0.105779 0.856134 0.190247 0.105732 0.779230 0.166809
0.105721 0.761652 0.269897 0.105732 0.779230 0.166809
0.105732 0.779230 0.166809 0.105779 0.856134 0.190247
0.105779 0.856134 0.190247 0.105803 0.896051 0.125977
0.105732 0.779230 0.166809 0.105803 0.896051 0.125977
0.105732 0.779230 0.166809 0.105803 0.896051 0.125977
0.105803 0.896051 0.125977 0.105841 0.959406 0.081665
0.105732 0.779230 0.166809 0.105841 0.959406 0.081665
0.105732 0.779230 0.166809 0.105841 0.959406 0.081665
0.105841 0.959406 0.081665 0.105763 0.830866 0.080933
0.105732 0.779230 0.166809 0.105763 0.830866 0.080933
0.105763 0.830866 0.080933 0.105841 0.959406 0.081665
0.105841 0.959406 0.081665 0.105886 1.032648 0.065918
0.105763 0.830866 0.080933 0.105886 1.032648 0.065918
0.105763 0.830866 0.080933 0.105886 1.032648 0.065918
0.105886 1.032648 0.065918 0.105789 0.873758 0.041107
0.105763 0.830866 0.080933 0.105789 0.873758 0.041107
0.105854 0.980600 0.538925 0.105886 1.033380 0.543823
0.105886 1.033380 0.543823 0.105933 1.110422 0.534119
0.105854 0.980600 0.538925 0.105933 1.110422 0.534119
0.105854 0.980600 0.538925 0.105933 1.110422 0.534119
0.105933 1.110422 0.534119 0.105824 0.931390 0.524231
0.105854 0.980600 0.538925 0.105824 0.931390 0.524231
0.105824 0.931390 0.524231 0.105933 1.110422 0.534119
0.105933 1.110422 0.534119 0.105973 1.177484 0.505005
0.105824 0.931390 0.524231 0.105973 1.177484 0.505005
0.105824 0.931390 0.524231 0.105973 1.177484 0.505005
0.105973 1.177484 0.505005 0.105797 0.886118 0.500015
0.105824 0.931390 0.524231 0.105797 0.886118 0.500015
0.105797 0.886118 0.500015 0.105973 1.177484 0.505005
0.105973 1.177484 0.505005 0.105886 1.032648 0.466553
0.105797 0.886118 0.500015 0.105886 1.032648 0.466553
0.105886 1.032648 0.466553 0.105973 1.177484 0.505005
0.105973 1.177484 0.505005 0.106006 1.231912 0.458130
0.105886 1.032648 0.466553 0.106006 1.231912 0.458130
0.105886 1.032648 0.466553 0.106006 1.231912 0.458130
0.106006 1.231912 0.458130 0.105937 1.117242 0.448608
0.105886 1.032648 0.466553 0.105937 1.117242 0.448608
0.105937 1.117242 0.448608 0.106006 1.231912 0.458130
0.106006 1.231912 0.458130 0.105958 1.151666 0.426270
0.105937 1.117242 0.448608 0.105958 1.151666 0.426270
0.105958 1.151666 0.426270 0.106006 1.231912 0.458130
0.106006 1.231912 0.458130 0.106030 1.271051 0.395142
0.105958 1.151666 0.426270 0.106030 1.271051 0.395142
0.105958 1.151666 0.426270 0.106030 1.271051 0.395142
0.106030 1.271051 0.395142 0.105975 1.180231 0.395142
0.105958 1.151666 0.426270 0.105975 1.180231 0.395142
