0.0000000 1.0000000 0.3292209
0.3826834 0.9238795 -0.3292209
0.7071068 0.7071068 0.3292209
0.9238795 0.3826834 -0.3292209
1.0000000 0.0000000 0.3292209
0.9238795 -0.3826834 -0.3292209
0.7071068 -0.7071068 0.3292209
0.3826834 -0.9238795 -0.3292209
0.0000000 -1.0000000 0.3292209
-0.3826834 -0.9238795 -0.3292209
-0.7071068 -0.7071068 0.3292209
-0.9238795 -0.3826834 -0.3292209
-1.0000000 -0.0000000 0.3292209
-0.9238795 0.3826834 -0.3292209
-0.7071068 0.7071068 0.3292209
-0.3826834 0.9238795 -0.3292209
