16 16 61
61 62 63 64 65 66 67 68 69 70 71 72 73 74 75 76
77 78 79 80 81 82 83 84 85 86 87 88 89 90 91 92
93 94 0 95 96 97 1 2 3 4 5 6 7 8 9 98
99 100 10 101 102 103 11 104 105 106 107 108 109 110 12 111
112 113 13 114 115 116 14 117 118 119 120 121 122 123 15 124
125 126 16 127 128 129 17 130 131 132 133 134 135 136 18 137
138 139 19 20 21 22 23 140 141 142 24 25 26 27 28 143
144 145 146 147 148 149 150 151 152 153 29 154 155 156 157 158
159 160 161 162 163 164 165 166 167 168 30 169 170 171 172 173
174 175 176 177 178 179 180 181 182 183 31 184 185 186 187 188
189 190 32 33 34 35 36 191 192 193 37 38 39 40 41 194
195 196 42 197 198 199 43 200 201 202 203 204 205 206 44 207
208 209 45 210 211 212 46 213 214 215 216 217 218 219 47 220
221 222 48 223 224 225 49 226 227 228 229 230 231 232 50 233
234 235 51 236 237 238 52 53 54 55 56 57 58 59 60 239
240 241 242 243 244 245 246 247 248 249 250 251 252 253 254 255
