32 32 253
253 254 255 256 257 258 259 260 261 262 263 264 265 266 267 268 269 270 271 272 273 274 275 276 277 278 279 280 281 282 283 284
285 286 287 288 289 290 291 292 293 294 295 296 297 298 299 300 301 302 303 304 305 306 307 308 309 310 311 312 313 314 315 316
317 318 0 319 320 321 1 2 3 4 5 6 7 8 9 322 323 324 10 11 12 13 14 15 16 17 18 325 326 327 19 328
329 330 20 331 332 333 21 334 335 336 337 338 339 340 22 341 342 343 23 344 345 346 347 348 349 350 24 351 352 353 25 354
355 356 26 357 358 359 27 360 361 362 363 364 365 366 28 367 368 369 29 370 371 372 373 374 375 376 30 377 378 379 31 380
381 382 32 383 384 385 33 386 387 388 389 390 391 392 34 393 394 395 35 396 397 398 399 400 401 402 36 403 404 405 37 406
407 408 38 39 40 41 42 409 410 411 43 44 45 46 47 412 413 414 48 49 50 51 52 415 416 417 53 54 55 56 57 418
419 420 421 422 423 424 425 426 427 428 58 429 430 431 432 433 434 435 436 437 438 439 59 440 441 442 443 444 445 446 447 448
449 450 451 452 453 454 455 456 457 458 60 459 460 461 462 463 464 465 466 467 468 469 61 470 471 472 473 474 475 476 477 478
479 480 481 482 483 484 485 486 487 488 62 489 490 491 492 493 494 495 496 497 498 499 63 500 501 502 503 504 505 506 507 508
509 510 64 65 66 67 68 511 512 513 69 70 71 72 73 514 515 516 74 75 76 77 78 517 518 519 79 80 81 82 83 520
521 522 84 523 524 525 85 526 527 528 529 530 531 532 86 533 534 535 87 536 537 538 539 540 541 542 88 543 544 545 89 546
547 548 90 549 550 551 91 552 553 554 555 556 557 558 92 559 560 561 93 562 563 564 565 566 567 568 94 569 570 571 95 572
573 574 96 575 576 577 97 578 579 580 581 582 583 584 98 585 586 587 99 588 589 590 591 592 593 594 100 595 596 597 101 598
599 600 102 601 602 603 103 104 105 106 107 108 109 110 111 604 605 606 112 113 114 115 116 117 118 119 120 607 608 609 121 610
611 612 122 613 614 615 616 617 618 619 620 621 622 623 624 625 626 627 628 629 630 631 632 633 634 635 636 637 638 639 123 640
641 642 124 643 644 645 646 647 648 649 650 651 652 653 654 655 656 657 658 659 660 661 662 663 664 665 666 667 668 669 125 670
671 672 126 673 674 675 676 677 678 679 680 681 682 683 684 685 686 687 688 689 690 691 692 693 694 695 696 697 698 699 127 700
701 702 128 129 130 131 132 703 704 705 133 134 135 136 137 138 139 140 141 142 143 144 145 706 707 708 146 147 148 149 150 709
710 711 712 713 714 715 151 716 717 718 152 719 720 721 722 723 724 725 726 727 728 729 153 730 731 732 154 733 734 735 736 737
738 739 740 741 742 743 155 744 745 746 156 747 748 749 750 751 752 753 754 755 756 757 157 758 759 760 158 761 762 763 764 765
766 767 768 769 770 771 159 772 773 774 160 775 776 777 778 779 780 781 782 783 784 785 161 786 787 788 162 789 790 791 792 793
794 795 163 164 165 166 167 796 797 798 168 169 170 171 172 799 800 801 173 174 175 176 177 802 803 804 178 179 180 181 182 805
806 807 183 808 809 810 811 812 813 814 815 816 817 818 184 819 820 821 185 822 823 824 825 826 827 828 829 830 831 832 186 833
834 835 187 836 837 838 839 840 841 842 843 844 845 846 188 847 848 849 189 850 851 852 853 854 855 856 857 858 859 860 190 861
862 863 191 864 865 866 867 868 869 870 871 872 873 874 192 875 876 877 193 878 879 880 881 882 883 884 885 886 887 888 194 889
890 891 195 892 893 894 196 197 198 199 200 895 896 897 201 898 899 900 202 901 902 903 203 204 205 206 207 904 905 906 208 907
908 909 209 910 911 912 210 913 914 915 211 916 917 918 212 919 920 921 213 922 923 924 214 925 926 927 215 928 929 930 216 931
932 933 217 934 935 936 218 937 938 939 219 940 941 942 220 943 944 945 221 946 947 948 222 949 950 951 223 952 953 954 224 955
956 957 225 958 959 960 226 961 962 963 227 964 965 966 228 967 968 969 229 970 971 972 230 973 974 975 231 976 977 978 232 979
980 981 233 234 235 236 237 982 983 984 238 239 240 241 242 985 986 987 243 244 245 246 247 988 989 990 248 249 250 251 252 991
992 993 994 995 996 997 998 999 1000 1001 1002 1003 1004 1005 1006 1007 1008 1009 1010 1011 1012 1013 1014 1015 1016 1017 1018 1019 1020 1021 1022 1023
