test01.c: 11 32 198 106 58 10 34
test02.c: 1 5 37 29 8 0 0
test03.c: 3 26 147 98 37 3 12
test04.c: 6 12 88 47 16 5 25
test05.c: 4 28 154 100 40 4 14
test06.c: 7 10 74 41 24 2 9
test07.c: 15 42 258 147 70 11 37
test08.c: 11 32 198 106 58 10 34
test09.c: 11 32 198 106 58 10 34
test10.c: 7 15 163 94 17 6 18
test11.c: 82 84 325 126 16 11 41
test12.c: 6 10 73 41 23 2 9
test13.c: 0 1 5 2 1 1 2
test14.c: 4 8 62 41 12 2 9
fixed_iocccsize.c: 408 1278 8781 5833 2464 156 484
ioc_without_quote: 354 1383 7817 4488 2692 221 625
