0.3978247 0.9604339 0.1201811
-0.0000000 1.0395661 -0.1201811
-0.0000000 0.0000000 3.0374746
-0.3978247 0.9604339 0.1201811
0.7350843 0.7350843 -0.1201811
0.0000000 -0.0000000 -3.0374746
0.9604339 0.3978247 0.1201811
1.0395661 0.0000000 -0.1201811
0.9604339 -0.3978247 0.1201811
0.7350843 -0.7350843 -0.1201811
0.3978247 -0.9604339 0.1201811
0.0000000 -1.0395661 -0.1201811
-0.3978247 -0.9604339 0.1201811
-0.7350843 -0.7350843 -0.1201811
-0.9604339 -0.3978247 0.1201811
-1.0395661 -0.0000000 -0.1201811
-0.9604339 0.3978247 0.1201811
-0.7350843 0.7350843 -0.1201811
