0.3167689 0.9749144 0.0941316
0.0000000 1.0250856 -0.0941316
-0.0000000 0.0000000 3.7524110
-0.3167689 0.9749144 0.0941316
0.6025302 0.8293117 -0.0941316
-0.0000000 -0.0000000 -3.7524110
0.8293117 0.6025302 0.0941316
0.9749144 0.3167689 -0.0941316
1.0250856 0.0000000 0.0941316
0.9749144 -0.3167689 -0.0941316
0.8293117 -0.6025302 0.0941316
0.6025302 -0.8293117 -0.0941316
0.3167689 -0.9749144 0.0941316
0.0000000 -1.0250856 -0.0941316
-0.3167689 -0.9749144 0.0941316
-0.6025302 -0.8293117 -0.0941316
-0.8293117 -0.6025302 0.0941316
-0.9749144 -0.3167689 -0.0941316
-1.0250856 -0.0000000 0.0941316
-0.9749144 0.3167689 -0.0941316
-0.8293117 0.6025302 0.0941316
-0.6025302 0.8293117 -0.0941316
