6 -.75 -.75 .75 .75
         .1           0            0          .1      .5      0  .1667
         .05           0            0          .05    .2      0  .1666
   .76604444   .64278761   -.64278761   .76604444      0      0  .1667
   .76604444  -.64278761    .64278761   .76604444      0      0  .1667
         .01           0            0          .01     0      0  .1666
   .30901699  .95105652  -.95105652    .30901699       0      0  .1667
   .30901699  .95105652  -.95105652    .30901699       0      0  .25
   .30901699  .95105652  -.95105652    .30901699       0      0  .25
  -.80901699  .58778525  -.58778525   -.80901699       0      0  .25
  -.80901699 -.58778525   .58778525   -.80901699       0      0  .25




