3 -.75 -.75 .75 .75
         .01           0            0          .4     .3      0  .33
   .76604444   .64278761   -.64278761   .76604444      0      0  .33
   .76604444  -.64278761    .64278761   .76604444      0      0  .34
   .30901699  .95105652  -.95105652    .30901699       0      0  .25
   .30901699  .95105652  -.95105652    .30901699       0      0  .25
   .30901699  .95105652  -.95105652    .30901699       0      0  .25
  -.80901699  .58778525  -.58778525   -.80901699       0      0  .25
  -.80901699 -.58778525   .58778525   -.80901699       0      0  .25




