65
1,16,0
6,2,0
11,16,0
9,11,0
3,11,0

66
2,2,0
10,1,1
10,5,0
10,8,1
2,8,0
10,8,1
10,12,0
10,16,1
2,15,0
2,2,0

67
10,3,0
2,0,1
2,8,0
2,16,1
10,13,0

68
2,2,0
10,1,1
10,8,0
10,16,1
2,15,0
2,2,0

69
10,2,0
2,2,0
2,8,0
8,8,0
2,8,0
2,15,0
10,15,0

70
10,2,0
2,2,0
2,8,0
8,8,0
2,8,0
2,15,0

71
10,3,0
2,0,1
2,8,0
2,16,1
6,16,0
11,16,1
10,10,0
6,10,0

72
2,2,0
2,15,0
2,8,0
10,8,0
10,2,0
10,15,0

73
3,2,0
9,2,0
6,2,0
6,15,0
3,15,0
9,15,0

74
6,2,0
11,2,0
9,2,0
9,13,0
6,19,1
3,13,0

75
2,2,0
2,15,0
2,10,0
10,2,0
4,8,0
10,15,0

76
2,2,0
2,15,0
10,15,0

77
2,15,0
2,2,0
6,10,0
10,2,0
10,15,0

78
2,15,0
2,2,0
10,15,0
10,2,0

79
6,2,0
2,2,1
2,9,0
2,15,1
6,15,0
10,15,1
10,9,0
10,2,1
6,2,0

80
2,15,0
2,2,0
10,1,1
10,5,0
10,9,1
2,8,0

81
10,19,0
6,19,1
6,15,0
10,15,1
10,9,0
10,2,1
6,2,0
2,2,1
2,9,0
2,15,1
6,15,0

82
2,15,0
2,2,0
10,1,1
10,5,0
10,9,1
2,8,0
6,8,0
10,15,0

83
10,3,0
6,1,1
3,2,0
0,5,1
6,8,0
12,11,1
9,15,0
6,16,1
2,14,0

84
1,2,0
11,2,0
6,2,0
6,16,0

85
2,2,0
1,16,1
6,16,0
11,16,1
10,2,0

86
2,2,0
6,15,0
10,2,0

87
1,2,0
3,15,0
6,4,0
9,15,0
11,2,0

88
2,2,0
10,16,0
6,9,0
10,2,0
2,16,0

89
2,1,0
6,9,0
6,16,0
6,9,0
10,1,0

90
2,2,0
10,2,0
2,15,0
10,15,0

